1 5.4130381741672755
2 4.832933106497497
3 4.616686251581904
4 4.509004704346839
5 4.44322389911613
6 4.39775595080351
7 4.3644311445618476
8 4.339480851422293
9 4.320759600657637
10 4.30681916522891
11 4.296567708640697
12 4.2891398146319055
13 4.283844156967653
14 4.280135196033855
15 4.277590247751674
16 4.2758875835978944
17 4.274786124591285
18 4.274107679454689
19 4.273722138211618
20 4.273535567636116
21 4.273480896469707
22 4.273510776902449
23 4.273592201641659
24 4.273702496589469
25 4.273826368560159
26 4.273953749222167
27 4.27407823252263
28 4.274195950168289
29 4.274304767886441
30 4.274403715026079
31 4.27449258290169
32 4.274571644502392
33 4.27464146102361
34 4.2747027501621755
35 4.2747562980766585
36 4.274802901997051
37 4.274843334162311
38 4.274878320439782
39 4.274908528911621
40 4.274934565102427
41 4.274956971518441
42 4.274976229880298
43 4.274992764937693
44 4.275006949113113
45 4.275019107474384
46 4.275029522712533
47 4.275038439924066
48 4.275046071080801
49 4.275052599127254
50 4.2750581816832
51 4.275062954353318
52 4.275067033660782
53 4.275070519630264
54 4.275073498050196
55 4.275076042445597
56 4.275078215792452
57 4.275080072003197
58 4.275081657210823
59 4.275083010876656
60 4.275084166744478
61 4.275085153661166
62 4.275085996281649
63 4.275086715673962
64 4.275087329838088
65 4.275087854150561
66 4.275088301745252
67 4.275088683839299
68 4.2750890100119925
69 4.2750892884433185
70 4.275089526117907
71 4.275089728999397
72 4.275089902179449
73 4.275090050005054
74 4.2750901761873354
75 4.275090283894464
76 4.275090375831028
77 4.275090454305818
78 4.275090521289715
79 4.275090578465124
80 4.27509062726817
81 4.275090668924744
