1 23.50061860710911
2 16.91431262150015
3 14.166486438219417
4 12.561299485215297
5 11.478863439763341
6 10.687621788534798
7 10.078228175444794
8 9.591195896270445
9 9.191055108098388
10 8.855181260987083
11 8.568387151240751
12 8.320054106347618
13 8.102508444506492
14 7.910050402726969
15 7.738347356866412
16 7.584040143189822
17 7.444479448181901
18 7.317544385500722
19 7.2015146294589085
20 7.09497838600298
21 6.996764916277121
22 6.905894235803124
23 6.821539055418042
24 6.742995595237775
25 6.669660928485799
26 6.601015197687696
27 6.536607512646416
28 6.476044662923036
29 6.418982004877795
30 6.365116045433904
31 6.314178361838519
32 6.265930582320761
33 6.22016021585605
34 6.176677166542745
35 6.135310803774457
36 6.0959074865519405
37 6.0583284611269494
38 6.022448067306537
39 5.9881522013270265
40 5.955336993084236
41 5.9239076633167
42 5.8937775325500485
43 5.864867158582475
44 5.837103583292286
45 5.810419672786907
46 5.784753537545591
47 5.760048021361669
48 5.736250249656849
49 5.713311229199176
50 5.691185492463073
51 5.669830780875494
52 5.649207762030371
53 5.629279776656679
54 5.610012611717332
55 5.591374296514064
56 5.573334919097945
57 5.555866460641972
58 5.53894264574014
59 5.522538806857786
60 5.506631761382247
61 5.491199699915672
62 5.476222084617772
63 5.461679556549404
64 5.447553851092347
65 5.433827720628329
66 5.420484863753766
67 5.407509860389238
68 5.394888112213298
69 5.382605787913422
70 5.370649772801577
71 5.359007622390181
72 5.347667519566829
73 5.336618235043524
74 5.325849090789729
75 5.315349926187084
76 5.305111066671406
77 5.295123294648257
78 5.285377822491576
79 5.275866267451524
80 5.266580628314565
81 5.257513263673954
82 5.248656871681072
83 5.240004471160893
84 5.231549383984374
85 5.22328521860052
86 5.215205854640161
87 5.20730542850962
88 5.199578319900885
89 5.19201913915038
90 5.184622715384578
91 5.177384085395289
92 5.170298483192604
93 5.163361330187974
94 5.156568225962531
95 5.149914939581188
96 5.143397401414162
97 5.137011695431927
98 5.130754051942204
99 5.124620840738785
100 5.118608564635833
101 5.1127138533620835
102 5.10693345779182
103 5.101264244491386
104 5.095703190560654
105 5.090247378751522
106 5.08489399284595
107 5.07964031327731
108 5.074483712980819
109 5.069421653458408
110 5.064451681045852
111 5.0595714233695155
112 5.05477858598213
113 5.050070949166451
114 5.045446364897807
115 5.04090275395565
116 5.0364381031760965
117 5.032050462837333
118 5.027737944170395
119 5.023498716988227
120 5.019331007426717
121 5.015233095791496
122 5.011203314504302
123 5.0072400461444
124 5.003341721578957
125 4.999506818178629
126 4.995733858112775
127 4.992021406721166
128 4.988368070957491
129 4.984772497901149
130 4.981233373334005
131 4.977749420378406
132 4.974319398193808
133 4.97094210072868
134 4.967616355525127
135 4.964341022573547
136 4.961114993214969
137 4.957937189088416
138 4.954806561121605
139 4.951722088562538
140 4.948682778049898
141 4.945687662720915
142 4.942735801354493
143 4.939826277547956
144 4.936958198926133
145 4.934130696381149
146 4.931342923341166
147 4.928594055067462
148 4.925883287977794
149 4.923209838995455
150 4.920572944922634
151 4.91797186183667
152 4.915405864509088
153 4.9128742458453285
154 4.910376316345026
155 4.907911403581709
156 4.90547885170104
157 4.903078020936838
158 4.900708287144086
159 4.898369041348524
160 4.89605968931137
161 4.893779651109588
162 4.891528360730147
163 4.8893052656781935
164 4.8871098265983575
165 4.884941516908841
166 4.882799822447633
167 4.88068424113042
168 4.878594282619595
169 4.876529468004249
170 4.874489329490343
171 4.872473410100996
172 4.870481263386221
173 4.868512453141766
174 4.866566553137166
175 4.864643146851974
176 4.862741827220238
177 4.86086219638306
178 4.859003865448557
179 4.857166454259266
180 4.8553495911665445
181 4.853552912811779
182 4.851776063914076
183 4.850018697064507
184 4.848280472526161
185 4.846561058040213
186 4.844860128637754
187 4.843177366456797
188 4.841512460565011
189 4.839865106787101
190 4.838235007537516
191 4.836621871657576
192 4.835025414257532
193 4.833445356562637
194 4.831881425764217
195 4.830333354873943
196 4.828800882583132
197 4.827283753125139
198 4.825781716141992
199 4.824294526554426
200 4.822821944435575
201 4.8213637348880605
202 4.81991966792427
203 4.818489518350083
204 4.817073065651301
205 4.81567009388366
206 4.814280391565109
207 4.812903751571391
208 4.811539971034259
209 4.810188851242175
210 4.808850197543729
211 4.807523819253633
212 4.806209529560825
213 4.804907145439427
214 4.803616487561426
215 4.802337380212042
216 4.80106965120692
217 4.799813131811657
218 4.798567656663155
219 4.797333063693094
220 4.796109194053163
221 4.79489589204248
222 4.793693005036287
223 4.792500383416938
224 4.791317880506338
225 4.790145352499938
226 4.788982658402573
227 4.787829659965927
228 4.786686221627047
229 4.785552210448926
230 4.784427496062246
231 4.783311950608473
232 4.782205448684475
233 4.7811078672884
234 4.780019085766871
235 4.778938985763402
236 4.777867451168098
237 4.776804368068465
238 4.775749624701557
239 4.77470311140706
240 4.7736647205816185
241 4.772634346634092
242 4.771611885942153
243 4.77059723680953
244 4.769590299424426
245 4.768590975819117
246 4.767599169830048
247 4.766614787059213
248 4.7656377348363055
249 4.764667922181705
250 4.763705259770475
251 4.762749659896884
252 4.761801036440155
253 4.76085930483065
254 4.7599243820170125
255 4.758996186433984
256 4.758074637971048
257 4.757159657941625
258 4.756251169053189
259 4.755349095377881
260 4.754453362323804
261 4.753563896607132
262 4.752680626224609
263 4.751803480426905
264 4.750932389692377
265 4.7500672857015775
266 4.749208101312151
267 4.748354770534488
268 4.747507228507865
269 4.746665411477004
270 4.745829256769314
271 4.744998702772547
272 4.744173688912921
273 4.743354155633947
274 4.742540044375325
275 4.741731297552779
276 4.740927858537886
277 4.740129671638782
278 4.7393366820809515
279 4.738548835988529
280 4.737766080366206
281 4.736988363081268
282 4.736215632846176
283 4.735447839201524
284 4.734684932499285
285 4.733926863886482
286 4.733173585289332
287 4.732425049397476
288 4.731681209648763
289 4.730942020214286
290 4.73020743598377
291 4.729477412551275
292 4.728751906201133
293 4.728030873894377
294 4.7273142732552005
295 4.7266020625579435
296 4.725894200714309
297 4.7251906472607095
298 4.72449136234601
299 4.723796306719583
300 4.7231054417195315
301 4.722418729261178
302 4.721736131825792
303 4.721057612449605
304 4.720383134713067
305 4.71971266273022
306 4.719046161138449
307 4.7183835950883894
308 4.717724930233945
309 4.717070132722769
310 4.7164191691866755
311 4.715772006732373
312 4.715128612932566
313 4.714488955816839
314 4.713853003863129
315 4.713220725989194
316 4.712592091544266
317 4.711967070300908
318 4.711345632447052
319 4.710727748578189
320 4.710113389689743
321 4.709502527169564
322 4.708895132790599
323 4.708291178703769
324 4.707690637430914
325 4.707093481857912
326 4.706499685227982
327 4.705909221135117
328 4.705322063517519
329 4.7047381866514675
330 4.704157565144977
331 4.7035801739317975
332 4.703005988265568
333 4.702434983713823
334 4.701867136152577
335 4.701302421760465
336 4.7007408170134815
337 4.700182298679606
338 4.6996268438136255
339 4.699074429751834
340 4.698525034107222
341 4.697978634764474
342 4.6974352098751675
343 4.696894737853064
344 4.696357197369493
345 4.695822567348873
346 4.695290826964208
347 4.694761955632855
348 4.6942359330121395
349 4.693712738995357
350 4.693192353707557
351 4.6926747575016785
352 4.692159930954465
353 4.691647854862868
354 4.691138510240088
355 4.690631878311977
356 4.6901279405135
357 4.68962667848506
358 4.689128074069163
359 4.688632109306997
360 4.688138766435046
361 4.687648027881954
362 4.687159876265269
363 4.6866742943882755
364 4.686191265237026
365 4.685710771977253
366 4.685232797951556
367 4.684757326676289
368 4.684284341839087
369 4.683813827295733
370 4.683345767067647
371 4.682880145339189
372 4.682416946455098
373 4.68195615491781
374 4.6814977553851
375 4.681041732667493
376 4.680588071726
377 4.680136757669628
378 4.679687775753125
379 4.679241111374755
380 4.6787967500739835
381 4.678354677529372
382 4.677914879556385
383 4.677477342105355
384 4.677042051259353
385 4.676608993232249
386 4.676178154366705
387 4.675749521132239
388 4.675323080123256
389 4.674898818057337
390 4.674476721773273
391 4.6740567782293345
392 4.6736389745015225
393 4.673223297781781
394 4.67280973537639
395 4.672398274704227
396 4.671988903295244
397 4.6715816087887045
398 4.671176378931787
399 4.670773201577966
400 4.670372064685488
401 4.6699729563159424
402 4.669575864632813
403 4.669180777899954
404 4.66878768448035
405 4.668396572834594
406 4.6680074315196665
407 4.667620249187497
408 4.667235014583762
409 4.666851716546586
410 4.666470344005273
411 4.666090885979069
412 4.665713331576022
413 4.665337669991748
414 4.664963890508267
415 4.664591982492923
416 4.664221935397184
417 4.6638537387556145
418 4.663487382184745
419 4.663122855382069
420 4.662760148125013
421 4.66239925026977
422 4.662040151750491
423 4.661682842578238
424 4.66132731283991
425 4.660973552697461
426 4.66062155238687
427 4.660271302217267
428 4.659922792569939
429 4.659576013897597
430 4.6592309567233965
431 4.6588876116401545
432 4.6585459693094515
433 4.658206020460802
434 4.657867755890968
435 4.65753116646299
436 4.657196243105581
437 4.6568629768121745
438 4.6565313586403185
439 4.656201379710899
440 4.6558730312073555
441 4.655546304375027
442 4.655221190520405
443 4.654897681010526
444 4.654575767272129
445 4.654255440791208
446 4.653936693112069
447 4.6536195158369935
448 4.6533039006254135
449 4.652989839193272
450 4.652677323312526
451 4.652366344810501
452 4.652056895569193
453 4.651748967524833
454 4.651442552667206
455 4.651137643039143
456 4.650834230735968
457 4.650532307904861
458 4.650231866744458
459 4.649932899504171
460 4.649635398483791
461 4.649339356032982
462 4.64904476455059
463 4.648751616484364
464 4.648459904330348
465 4.648169620632455
466 4.647880757981888
467 4.647593309016871
468 4.647307266421988
469 4.647022622927812
470 4.646739371310467
471 4.64645750439123
472 4.646177015035969
473 4.645897896154845
474 4.6456201407018645
475 4.645343741674396
476 4.6450686921128375
477 4.644794985100205
478 4.644522613761751
479 4.6442515712644745
480 4.643981850816847
481 4.64371344566848
482 4.6434463491095785
483 4.643180554470658
484 4.642916055122348
485 4.6426528444747195
486 4.642390915977192
487 4.642130263118024
488 4.6418708794241565
489 4.641612758460643
490 4.64135589383052
491 4.641100279174395
492 4.640845908170092
493 4.6405927745324105
494 4.640340872012747
495 4.640090194398835
496 4.639840735514388
497 4.639592489218879
498 4.63934544940715
499 4.639099610009192
500 4.63885496498983
501 4.638611508348388
502 4.638369234118539
503 4.638128136367926
504 4.637888209197834
505 4.6376494467430875
506 4.637411843171673
507 4.637175392684468
508 4.636940089515029
509 4.636705927929348
510 4.63647290222548
511 4.636241006733491
512 4.636010235815014
513 4.635780583863147
514 4.635552045302168
515 4.635324614587232
516 4.635098286204269
517 4.634873054669594
518 4.634648914529861
519 4.634425860361654
520 4.634203886771407
521 4.6339829883951005
522 4.633763159898089
523 4.6335443959748135
524 4.633326691348744
525 4.63311004077198
526 4.632894439025158
527 4.632679880917191
528 4.632466361285166
529 4.632253874994042
530 4.632042416936431
531 4.631831982032552
532 4.6316225652298435
533 4.631414161502905
534 4.631206765853293
535 4.6310003733092975
536 4.630794978925732
537 4.630590577783881
538 4.630387164991143
539 4.630184735680988
540 4.629983285012695
541 4.6297828081711945
542 4.629583300367031
543 4.62938475683592
544 4.629187172838835
545 4.6289905436616685
546 4.628794864615197
547 4.628600131034837
548 4.628406338280461
549 4.628213481736328
550 4.628021556810826
551 4.627830558936408
552 4.6276404835693565
553 4.627451326189682
554 4.627263082300905
555 4.6270757474300295
556 4.626889317127235
557 4.6267037869658525
558 4.626519152542173
559 4.626335409475263
560 4.62615255340692
561 4.625970580001414
562 4.625789484945426
563 4.625609263947903
564 4.625429912739846
565 4.625251427074275
566 4.625073802726032
567 4.624897035491677
568 4.624721121189282
569 4.624546055658435
570 4.624371834759975
571 4.624198454375902
572 4.624025910409363
573 4.623854198784274
574 4.623683315445495
575 4.6235132563584
576 4.623344017509047
577 4.623175594903871
578 4.623007984569553
579 4.6228411825530324
580 4.622675184921266
581 4.622509987761153
582 4.622345587179434
583 4.622181979302522
584 4.622019160276484
585 4.621857126266783
586 4.621695873458353
587 4.62153539805526
588 4.62137569628079
589 4.621216764377228
590 4.621058598605786
591 4.620901195246492
592 4.620744550598067
593 4.620588660977803
594 4.620433522721574
595 4.620279132183491
596 4.620125485736049
597 4.619972579769962
598 4.619820410693828
599 4.619668974934405
600 4.6195182689362575
601 4.61936828916167
602 4.6192190320906565
603 4.61907049422078
604 4.61892267206707
605 4.618775562161936
606 4.618629161055062
607 4.618483465313304
608 4.618338471520628
609 4.618194176277961
610 4.618050576203187
611 4.617907667930889
612 4.617765448112477
613 4.617623913415917
614 4.61748306052569
615 4.617342886142787
616 4.617203386984492
617 4.617064559784352
618 4.616926401292121
619 4.616788908273578
620 4.616652077510567
621 4.61651590580081
622 4.6163803899578095
623 4.616245526810895
624 4.616111313205015
625 4.6159777460006355
626 4.6158448220738
627 4.615712538315897
628 4.6155808916336305
629 4.615449878948988
630 4.6153194971990645
631 4.615189743336092
632 4.615060614327258
633 4.614932107154657
634 4.614804218815284
635 4.614676946320813
636 4.614550286697656
637 4.6144242369868085
638 4.614298794243806
639 4.6141739555386305
640 4.614049717955661
641 4.613926078593513
642 4.613803034565083
643 4.6136805829974366
644 4.61355872103164
645 4.613437445822818
646 4.613316754540013
647 4.613196644366136
648 4.613077112497881
649 4.612958156145599
650 4.6128397725333725
651 4.612721958898832
652 4.612604712493042
653 4.612488030580564
654 4.6123719104393395
655 4.612256349360556
656 4.612141344648627
657 4.612026893621131
658 4.611912993608752
659 4.611799641955209
660 4.611686836017107
661 4.611574573163997
662 4.611462850778253
663 4.6113516662550005
664 4.611241017002005
665 4.611130900439725
666 4.611021314001169
667 4.610912255131824
668 4.610803721289595
669 4.610695709944821
670 4.610588218580075
671 4.610481244690225
672 4.610374785782315
673 4.610268839375482
674 4.610163403000957
675 4.610058474201982
676 4.609954050533654
677 4.609850129563035
678 4.609746708869035
679 4.609643786042154
680 4.6095413586847815
681 4.609439424410829
682 4.609337980845858
683 4.609237025626864
684 4.609136556402429
685 4.609036570832442
686 4.608937066588209
687 4.608838041352225
688 4.608739492818361
689 4.608641418691604
690 4.6085438166880435
691 4.608446684534842
692 4.6083500199702
693 4.608253820743281
694 4.608158084614136
695 4.608062809353661
696 4.607967992743528
697 4.6078736325762
698 4.607779726654803
699 4.607686272793072
700 4.6075932688153705
701 4.607500712556554
702 4.607408601861958
703 4.607316934587355
704 4.607225708598896
705 4.607134921773046
706 4.607044571996525
707 4.606954657166275
708 4.606865175189401
709 4.606776123983172
710 4.606687501474881
711 4.6065993056018275
712 4.606511534311318
713 4.60642418556056
714 4.606337257316604
715 4.606250747556407
716 4.6061646542665935
717 4.606078975443562
718 4.605993709093366
719 4.605908853231763
720 4.605824405883975
721 4.605740365084846
722 4.605656728878682
723 4.605573495319216
724 4.605490662469565
725 4.605408228402259
726 4.605326191199036
727 4.605244548950982
728 4.6051632997582965
729 4.605082441730462
730 4.605001972985964
731 4.604921891652435
732 4.604842195866519
733 4.604762883773843
734 4.604683953528979
735 4.604605403295421
736 4.604527231245476
737 4.604449435560286
738 4.604372014429755
739 4.604294966052501
740 4.604218288635887
741 4.604141980395842
742 4.604066039556927
743 4.603990464352232
744 4.603915253023424
745 4.603840403820574
746 4.603765915002235
747 4.603691784835299
748 4.6036180115950724
749 4.6035445935651085
750 4.603471529037259
751 4.60339881631161
752 4.603326453696409
753 4.603254439508095
754 4.603182772071159
755 4.603111449718187
756 4.603040470789843
757 4.602969833634668
758 4.602899536609273
759 4.602829578078093
760 4.602759956413504
761 4.602690669995672
762 4.602621717212567
763 4.602553096459938
764 4.602484806141227
765 4.602416844667618
766 4.602349210457871
767 4.602281901938404
768 4.602214917543185
769 4.602148255713724
770 4.60208191489903
771 4.60201589355558
772 4.601950190147286
773 4.601884803145445
774 4.601819731028673
775 4.6017549722829525
776 4.60169052540154
777 4.601626388884913
778 4.601562561240819
779 4.601499040984136
780 4.601435826636893
781 4.601372916728235
782 4.601310309794358
783 4.601248004378578
784 4.601185999031112
785 4.601124292309213
786 4.601062882777053
787 4.601001769005729
788 4.6009409495731735
789 4.600880423064187
790 4.600820188070384
791 4.600760243190099
792 4.600700587028472
793 4.600641218197283
794 4.6005821353150615
795 4.600523337006913
796 4.600464821904598
797 4.6004065886464405
798 4.6003486358772525
799 4.600290962248481
800 4.600233566417973
801 4.600176447050047
802 4.6001196028154325
803 4.600063032391261
804 4.600006734461001
805 4.599950707714489
806 4.599894950847835
807 4.599839462563412
808 4.599784241569878
809 4.599729286581997
810 4.599674596320773
811 4.5996201695134
812 4.599566004893119
813 4.599512101199255
814 4.5994584571772705
815 4.599405071578587
816 4.5993519431606265
817 4.599299070686815
818 4.5992464529265185
819 4.5991940886549845
820 4.599141976653385
821 4.599090115708734
822 4.599038504613855
823 4.5989871421674104
824 4.598936027173801
825 4.598885158443192
826 4.598834534791421
827 4.598784155040125
828 4.5987340180164695
829 4.598684122553327
830 4.598634467489225
831 4.598585051668122
832 4.598535873939698
833 4.598486933159047
834 4.598438228186828
835 4.598389757889122
836 4.598341521137513
837 4.598293516808935
838 4.598245743785778
839 4.598198200955815
840 4.598150887212082
841 4.598103801453027
842 4.598056942582317
843 4.598010309508907
844 4.597963901146997
845 4.597917716416047
846 4.597871754240615
847 4.597826013550507
848 4.597780493280621
849 4.597735192371016
850 4.597690109766811
851 4.597645244418176
852 4.597600595280371
853 4.597556161313641
854 4.597511941483221
855 4.597467934759361
856 4.597424140117229
857 4.59738055653689
858 4.597337183003309
859 4.597294018506429
860 4.597251062040903
861 4.597208312606296
862 4.597165769206941
863 4.597123430852008
864 4.597081296555361
865 4.597039365335646
866 4.596997636216195
867 4.596956108225048
868 4.596914780394914
869 4.596873651763148
870 4.596832721371698
871 4.596791988267163
872 4.596751451500723
873 4.596711110128006
874 4.596670963209345
875 4.596631009809467
876 4.596591248997629
877 4.596551679847557
878 4.596512301437457
879 4.5964731128498775
880 4.596434113171846
881 4.596395301494786
882 4.596356676914422
883 4.5963182385308725
884 4.596279985448541
885 4.596241916776201
886 4.596204031626793
887 4.596166329117618
888 4.596128808370196
889 4.596091468510239
890 4.596054308667676
891 4.596017327976625
892 4.595980525575294
893 4.595943900606129
894 4.595907452215682
895 4.595871179554538
896 4.595835081777387
897 4.595799158043021
898 4.595763407514204
899 4.595727829357822
900 4.595692422744624
901 4.59565718684949
902 4.595622120851138
903 4.595587223932322
904 4.59555249527964
905 4.595517934083711
906 4.595483539538886
907 4.595449310843541
908 4.595415247199802
909 4.595381347813638
910 4.5953476118948995
911 4.595314038657161
912 4.595280627317793
913 4.595247377097926
914 4.595214287222472
915 4.595181356920009
916 4.595148585422805
917 4.5951159719669095
918 4.595083515791983
919 4.595051216141279
920 4.595019072261777
921 4.594987083404086
922 4.594955248822315
923 4.59492356777425
924 4.5948920395211905
925 4.594860663327983
926 4.594829438463073
927 4.594798364198315
928 4.594767439809126
929 4.594736664574415
930 4.594706037776495
931 4.594675558701211
932 4.594645226637765
933 4.594615040878781
934 4.594585000720335
935 4.5945551054618
936 4.5945253544060245
937 4.594495746859097
938 4.5944662821305355
939 4.594436959533066
940 4.594407778382821
941 4.59437873799917
942 4.594349837704738
943 4.594321076825436
944 4.5942924546903905
945 4.594263970631983
946 4.59423562398573
947 4.5942074140904205
948 4.594179340288008
949 4.594151401923551
950 4.594123598345316
951 4.594095928904647
952 4.594068392956067
953 4.5940409898571515
954 4.594013718968569
955 4.59398657965407
956 4.593959571280472
957 4.5939326932176066
958 4.593905944838346
959 4.5938793255185875
960 4.593852834637189
961 4.593826471576052
962 4.5938002357200025
963 4.5937741264568395
964 4.593748143177292
965 4.593722285275019
966 4.593696552146596
967 4.593670943191503
968 4.593645457812094
969 4.593620095413625
970 4.593594855404138
971 4.593569737194585
972 4.593544740198756
973 4.593519863833206
974 4.59349510751731
975 4.593470470673257
976 4.593445952725978
977 4.59342155310322
978 4.5933972712353865
979 4.593373106555735
980 4.59334905850015
981 4.593325126507254
982 4.593301310018427
983 4.5932776084776386
984 4.593254021331591
985 4.593230548029612
986 4.59320718802371
987 4.593183940768487
988 4.593160805721202
989 4.593137782341695
990 4.593114870092413
991 4.593092068438406
992 4.593069376847241
993 4.593046794789098
994 4.593024321736685
995 4.593001957165217
996 4.592979700552487
997 4.592957551378728
998 4.59293550912674
999 4.592913573281779
1000 4.59289174333154
1001 4.5928700187662175
1002 4.592848399078437
1003 4.592826883763317
1004 4.592805472318344
1005 4.592784164243401
1006 4.592762959040865
1007 4.592741856215405
1008 4.592720855274123
1009 4.592699955726481
1010 4.592679157084321
1011 4.59265845886177
1012 4.592637860575342
1013 4.592617361743869
1014 4.592596961888467
1015 4.592576660532609
1016 4.592556457201977
1017 4.59253635142461
1018 4.592516342730771
1019 4.592496430652988
1020 4.592476614726061
1021 4.592456894486989
1022 4.592437269475015
1023 4.592417739231592
1024 4.592398303300376
1025 4.592378961227225
1026 4.592359712560212
1027 4.592340556849437
1028 4.592321493647374
1029 4.592302522508501
1030 4.5922836429895
1031 4.592264854649136
1032 4.592246157048345
1033 4.592227549750146
1034 4.592209032319655
1035 4.592190604324074
1036 4.592172265332724
1037 4.592154014916989
1038 4.592135852650251
1039 4.592117778107988
1040 4.592099790867747
1041 4.5920818905090535
1042 4.592064076613479
1043 4.592046348764605
1044 4.592028706548006
1045 4.592011149551272
1046 4.59199367736395
1047 4.591976289577566
1048 4.591958985785626
1049 4.591941765583572
1050 4.591924628568781
1051 4.591907574340583
1052 4.591890602500248
1053 4.591873712650936
1054 4.591856904397726
1055 4.591840177347603
1056 4.591823531109395
1057 4.591806965293896
1058 4.591790479513698
1059 4.591774073383302
1060 4.591757746518992
1061 4.591741498538998
1062 4.591725329063333
1063 4.591709237713809
1064 4.591693224114075
1065 4.5916772878896515
1066 4.5916614286677335
1067 4.591645646077452
1068 4.591629939749598
1069 4.591614309316814
1070 4.591598754413505
1071 4.5915832746757586
1072 4.591567869741525
1073 4.5915525392504
1074 4.59153728284377
1075 4.591522100164703
1076 4.5915069908580275
1077 4.591491954570256
1078 4.5914769909495545
1079 4.591462099645919
1080 4.591447280310868
1081 4.591432532597666
1082 4.591417856161274
1083 4.5914032506582885
1084 4.591388715746908
1085 4.591374251087041
1086 4.5913598563402305
1087 4.591345531169586
1088 4.5913312752399085
1089 4.591317088217558
1090 4.5913029697705
1091 4.59128891956836
1092 4.591274937282271
1093 4.591261022584998
1094 4.591247175150875
1095 4.591233394655757
1096 4.5912196807771295
1097 4.591206033193995
1098 4.591192451586857
1099 4.591178935637824
1100 4.591165485030516
1101 4.591152099450026
1102 4.591138778583039
1103 4.59112552211768
1104 4.591112329743616
1105 4.591099201151981
1106 4.591086136035407
1107 4.591073134088007
1108 4.591060195005361
1109 4.591047318484465
1110 4.5910345042238925
1111 4.591021751923553
1112 4.591009061284849
1113 4.5909964320106065
1114 4.590983863805087
1115 4.590971356373947
1116 4.590958909424323
1117 4.590946522664695
1118 4.590934195804971
1119 4.590921928556471
1120 4.590909720631848
1121 4.590897571745211
1122 4.590885481611995
1123 4.590873449949033
1124 4.590861476474443
1125 4.590849560907827
1126 4.5908377029700596
1127 4.590825902383343
1128 4.590814158871262
1129 4.59080247215866
1130 4.59079084197182
1131 4.590779268038226
1132 4.590767750086726
1133 4.590756287847484
1134 4.590744881051936
1135 4.590733529432832
1136 4.590722232724168
1137 4.590710990661256
1138 4.590699802980689
1139 4.590688669420283
1140 4.5906775897191485
1141 4.59066656361766
1142 4.5906555908574145
1143 4.590644671181249
1144 4.590633804333268
1145 4.590622990058769
1146 4.590612228104359
1147 4.590601518217713
1148 4.5905908601478735
1149 4.590580253645005
1150 4.590569698460467
1151 4.590559194346888
1152 4.590548741058007
1153 4.590538338348784
1154 4.590527985975376
1155 4.590517683695078
1156 4.590507431266359
1157 4.590497228448869
1158 4.590487075003387
1159 4.590476970691889
1160 4.590466915277463
1161 4.59045690852432
1162 4.590446950197836
1163 4.590437040064491
1164 4.5904271778919155
1165 4.590417363448868
1166 4.590407596505149
1167 4.590397876831746
1168 4.590388204200755
1169 4.590378578385266
1170 4.590368999159526
1171 4.59035946629892
1172 4.590349979579803
1173 4.590340538779714
1174 4.5903311436771865
1175 4.59032179405187
1176 4.590312489684405
1177 4.590303230356591
1178 4.590294015851181
1179 4.590284845952015
1180 4.590275720443994
1181 4.590266639113021
1182 4.590257601746021
1183 4.5902486081309855
1184 4.590239658056891
1185 4.59023075131375
1186 4.590221887692548
1187 4.590213066985326
1188 4.590204288985124
1189 4.59019555348593
1190 4.590186860282765
1191 4.590178209171624
1192 4.59016959994948
1193 4.590161032414272
1194 4.590152506364962
1195 4.590144021601412
1196 4.590135577924483
1197 4.5901271751360095
1198 4.590118813038736
1199 4.590110491436409
1200 4.590102210133672
1201 4.590093968936131
1202 4.590085767650309
1203 4.590077606083703
1204 4.59006948404469
1205 4.590061401342604
1206 4.590053357787669
1207 4.59004535319102
1208 4.590037387364775
1209 4.590029460121829
1210 4.590021571276073
1211 4.590013720642288
1212 4.590005908036056
1213 4.589998133274009
1214 4.589990396173478
1215 4.589982696552834
1216 4.589975034231207
1217 4.589967409028696
1218 4.5899598207661345
1219 4.5899522692653525
1220 4.589944754348966
1221 4.589937275840438
1222 4.5899298335641525
1223 4.589922427345243
1224 4.589915057009766
1225 4.589907722384543
1226 4.589900423297301
1227 4.5898931595765555
1228 4.5898859310516285
1229 4.589878737552727
1230 4.589871578910818
1231 4.589864454957678
1232 4.589857365525968
1233 4.589850310449066
1234 4.589843289561211
1235 4.589836302697419
1236 4.589829349693459
1237 4.589822430385978
1238 4.589815544612371
1239 4.589808692210751
1240 4.589801873020104
1241 4.589795086880187
1242 4.589788333631436
1243 4.58978161311514
1244 4.589774925173341
1245 4.589768269648809
1246 4.58976164638511
1247 4.589755055226502
1248 4.58974849601809
1249 4.589741968605614
1250 4.58973547283567
1251 4.589729008555466
1252 4.589722575613042
1253 4.589716173857188
1254 4.589709803137303
1255 4.58970346330363
1256 4.589697154207087
1257 4.589690875699287
1258 4.589684627632565
1259 4.589678409860022
1260 4.5896722222354045
1261 4.589666064613173
1262 4.589659936848545
1263 4.589653838797357
1264 4.589647770316172
1265 4.5896417312622475
1266 4.5896357214935435
1267 4.589629740868684
1268 4.5896237892469545
1269 4.589617866488338
1270 4.5896119724535005
1271 4.58960610700381
1272 4.589600270001226
1273 4.589594461308409
1274 4.589588680788691
1275 4.589582928306052
1276 4.589577203725154
1277 4.589571506911245
1278 4.589565837730286
1279 4.58956019604886
1280 4.589554581734198
1281 4.58954899465415
1282 4.589543434677214
1283 4.589537901672539
1284 4.589532395509917
1285 4.589526916059673
1286 4.5895214631928685
1287 4.589516036781129
1288 4.589510636696715
1289 4.589505262812482
1290 4.58949991500196
1291 4.589494593139212
1292 4.5894892970989165
1293 4.58948402675641
1294 4.58947878198758
1295 4.589473562668928
1296 4.589468368677545
1297 4.589463199891107
1298 4.5894580561879454
1299 4.589452937446853
1300 4.589447843547314
1301 4.589442774369394
1302 4.58943772979362
1303 4.5894327097012235
1304 4.589427713973939
1305 4.589422742494097
1306 4.589417795144574
1307 4.589412871808839
1308 4.589407972370881
1309 4.589403096715317
1310 4.589398244727231
1311 4.58939341629234
1312 4.589388611296857
1313 4.589383829627571
1314 4.589379071171834
1315 4.589374335817451
1316 4.589369623452895
1317 4.589364933967066
1318 4.589360267249489
1319 4.589355623190131
1320 4.589351001679622
1321 4.589346402608931
1322 4.589341825869715
1323 4.589337271354062
1324 4.589332738954651
1325 4.589328228564614
1326 4.589323740077605
1327 4.589319273387817
1328 4.589314828389979
1329 4.589310404979229
1330 4.589306003051323
1331 4.589301622502446
1332 4.589297263229311
1333 4.589292925129124
1334 4.58928860809957
1335 4.589284312038875
1336 4.589280036845701
1337 4.589275782419214
1338 4.58927154865907
1339 4.58926733546544
1340 4.589263142738924
1341 4.5892589703806275
1342 4.589254818292118
1343 4.589250686375452
1344 4.589246574533167
1345 4.5892424826682605
1346 4.589238410684164
1347 4.589234358484832
1348 4.589230325974636
1349 4.5892263130584325
1350 4.589222319641534
1351 4.589218345629695
1352 4.589214390929148
1353 4.589210455446575
1354 4.589206539089039
1355 4.589202641764151
1356 4.589198763379957
1357 4.589194903844853
1358 4.5891910630677755
1359 4.589187240958053
1360 4.589183437425428
1361 4.589179652380153
1362 4.589175885732834
1363 4.589172137394584
1364 4.589168407276867
1365 4.5891646952916165
1366 4.589161001351205
1367 4.589157325368388
1368 4.589153667256373
1369 4.589150026928745
1370 4.589146404299577
1371 4.5891427992832705
1372 4.589139211794698
1373 4.5891356417491425
1374 4.589132089062246
1375 4.589128553650121
1376 4.589125035429228
1377 4.589121534316448
1378 4.589118050229119
1379 4.589114583084891
1380 4.589111132801838
1381 4.589107699298452
1382 4.589104282493621
1383 4.589100882306576
1384 4.589097498657013
1385 4.589094131464915
1386 4.589090780650758
1387 4.589087446135308
1388 4.589084127839793
1389 4.589080825685737
1390 4.589077539595145
1391 4.589074269490304
1392 4.5890710152939205
1393 4.589067776929061
1394 4.58906455431918
1395 4.589061347388074
1396 4.589058156059928
1397 4.589054980259303
1398 4.58905181991106
1399 4.589048674940533
1400 4.589045545273283
1401 4.589042430835365
1402 4.589039331553077
1403 4.589036247353129
1404 4.589033178162587
1405 4.589030123908862
1406 4.5890270845196826
1407 4.589024059923164
1408 4.589021050047767
1409 4.589018054822278
1410 4.589015074175839
1411 4.589012108037922
1412 4.589009156338367
1413 4.589006219007315
1414 4.589003295975262
1415 4.5890003871730345
1416 4.5889974925318135
1417 4.588994611983078
1418 4.588991745458688
1419 4.58898889289074
1420 4.588986054211756
1421 4.588983229354526
1422 4.5889804182522
1423 4.5889776208382305
1424 4.588974837046388
1425 4.588972066810752
1426 4.588969310065746
1427 4.588966566746089
1428 4.58896383678685
1429 4.588961120123355
1430 4.588958416691292
1431 4.588955726426628
1432 4.588953049265664
1433 4.588950385144958
1434 4.588947734001458
1435 4.5889450957723374
1436 4.58894247039512
1437 4.588939857807592
1438 4.588937257947888
1439 4.5889346707544085
1440 4.588932096165837
1441 4.588929534121203
1442 4.588926984559752
1443 4.588924447421148
1444 4.58892192264517
1445 4.588919410172069
1446 4.588916909942269
1447 4.588914421896514
1448 4.588911945975841
1449 4.588909482121547
1450 4.588907030275234
1451 4.588904590378811
1452 4.588902162374403
1453 4.588899746204437
1454 4.588897341811663
1455 4.588894949139046
1456 4.588892568129865
1457 4.588890198727672
1458 4.588887840876251
1459 4.588885494519707
1460 4.588883159602387
1461 4.58888083606891
1462 4.5888785238641585
1463 4.588876222933324
1464 4.588873933221779
1465 4.588871654675219
1466 4.588869387239587
1467 4.588867130861135
1468 4.588864885486249
1469 4.588862651061715
1470 4.5888604275344855
1471 4.588858214851795
1472 4.588856012961163
1473 4.58885382181028
1474 4.588851641347178
1475 4.588849471520096
1476 4.588847312277538
1477 4.58884516356822
1478 4.588843025341196
1479 4.58884089754562
1480 4.588838780131054
1481 4.5888366730471875
1482 4.588834576243981
1483 4.58883248967167
1484 4.588830413280673
1485 4.588828347021714
1486 4.588826290845705
1487 4.588824244703793
1488 4.588822208547419
1489 4.58882018232819
1490 4.588818165997976
1491 4.588816159508897
1492 4.588814162813258
1493 4.588812175863634
1494 4.588810198612805
1495 4.58880823101382
1496 4.588806273019873
1497 4.5888043245844745
1498 4.5888023856612845
1499 4.588800456204279
1500 4.588798536167554
1501 4.588796625505478
1502 4.588794724172651
1503 4.588792832123843
1504 4.588790949314097
1505 4.588789075698666
1506 4.588787211232958
1507 4.588785355872658
1508 4.5887835095736556
1509 4.588781672292049
1510 4.588779843984158
1511 4.588778024606457
1512 4.58877621411571
1513 4.588774412468838
1514 4.588772619622987
1515 4.588770835535523
1516 4.588769060163949
1517 4.588767293466088
1518 4.588765535399878
1519 4.588763785923499
1520 4.588762044995326
1521 4.588760312573887
1522 4.588758588618
1523 4.588756873086609
1524 4.588755165938906
1525 4.588753467134215
1526 4.588751776632147
1527 4.588750094392411
1528 4.588748420374998
1529 4.588746754540035
1530 4.58874509684786
1531 4.588743447258985
1532 4.588741805734175
1533 4.588740172234285
1534 4.588738546720431
1535 4.588736929153893
1536 4.588735319496136
1537 4.588733717708869
1538 4.588732123753871
1539 4.588730537593186
1540 4.58872895918902
1541 4.5887273885038065
1542 4.588725825500082
1543 4.588724270140615
1544 4.5887227223882965
1545 4.588721182206317
1546 4.588719649557908
1547 4.588718124406549
1548 4.5887166067159155
1549 4.588715096449783
1550 4.5887135935721854
1551 4.588712098047269
1552 4.588710609839392
1553 4.588709128913051
1554 4.588707655232949
1555 4.588706188763929
1556 4.588704729471025
1557 4.588703277319415
1558 4.588701832274499
1559 4.588700394301757
1560 4.588698963366932
1561 4.5886975394358425
1562 4.588696122474569
1563 4.58869471244926
1564 4.5886933093262705
1565 4.588691913072122
1566 4.58869052365352
1567 4.58868914103729
1568 4.588687765190398
1569 4.5886863960800435
1570 4.58868503367354
1571 4.588683677938325
1572 4.5886823288420855
1573 4.588680986352561
1574 4.588679650437737
1575 4.588678321065685
1576 4.588676998204677
1577 4.588675681823101
1578 4.588674371889517
1579 4.5886730683726675
1580 4.588671771241375
1581 4.588670480464648
1582 4.588669196011694
1583 4.588667917851789
1584 4.588666645954401
1585 4.58866538028913
1586 4.588664120825729
1587 4.588662867534126
1588 4.588661620384328
1589 4.588660379346551
1590 4.5886591443911104
1591 4.588657915488512
1592 4.588656692609331
1593 4.588655475724369
1594 4.588654264804507
1595 4.588653059820797
1596 4.588651860744414
1597 4.588650667546667
1598 4.588649480199073
1599 4.58864829867318
1600 4.5886471229407455
1601 4.588645952973622
1602 4.588644788743832
1603 4.588643630223528
1604 4.588642477384961
1605 4.58864133020057
1606 4.588640188642891
1607 4.588639052684615
1608 4.588637922298519
1609 4.588636797457568
1610 4.588635678134844
1611 4.588634564303522
1612 4.58863345593695
1613 4.588632353008591
1614 4.588631255492047
1615 4.588630163360978
1616 4.588629076589292
1617 4.588627995150934
1618 4.588626919019993
1619 4.588625848170716
1620 4.588624782577417
1621 4.588623722214553
1622 4.588622667056792
1623 4.58862161707875
1624 4.588620572255345
1625 4.588619532561493
1626 4.588618497972301
1627 4.5886174684629335
1628 4.588616444008754
1629 4.588615424585165
1630 4.58861441016776
1631 4.588613400732179
1632 4.588612396254229
1633 4.588611396709843
1634 4.5886104020750444
1635 4.5886094123259475
1636 4.588608427438826
1637 4.588607447390045
1638 4.588606472156145
1639 4.588605501713657
1640 4.588604536039329
1641 4.588603575109979
1642 4.588602618902572
1643 4.588601667394126
1644 4.588600720561812
1645 4.5885997783829096
1646 4.5885988408348055
1647 4.58859790789495
1648 4.588596979540988
1649 4.588596055750631
1650 4.588595136501651
1651 4.588594221772025
1652 4.588593311539732
1653 4.588592405782931
1654 4.588591504479894
1655 4.588590607608907
1656 4.588589715148451
1657 4.588588827077113
1658 4.588587943373501
1659 4.588587064016415
1660 4.588586188984698
1661 4.588585318257315
1662 4.588584451813383
1663 4.588583589632018
1664 4.588582731692498
1665 4.588581877974222
1666 4.58858102845664
1667 4.588580183119324
1668 4.588579341941946
1669 4.5885785049042696
1670 4.588577671986173
1671 4.5885768431676
1672 4.588576018428652
1673 4.588575197749412
1674 4.58857438111019
1675 4.588573568491326
1676 4.5885727598732595
1677 4.5885719552365005
1678 4.588571154561713
1679 4.588570357829618
1680 4.588569565021017
1681 4.58856877611684
1682 4.588567991098087
1683 4.588567209945839
1684 4.588566432641285
1685 4.588565659165701
1686 4.588564889500483
1687 4.588564123627059
1688 4.588563361527
1689 4.5885626031819156
1690 4.588561848573543
1691 4.5885610976837174
1692 4.588560350494312
1693 4.58855960698731
1694 4.588558867144844
1695 4.5885581309490275
1696 4.588557398382119
1697 4.588556669426456
1698 4.588555944064467
1699 4.588555222278657
1700 4.588554504051614
1701 4.588553789366014
1702 4.588553078204606
1703 4.588552370550256
1704 4.588551666385861
1705 4.588550965694451
1706 4.5885502684591
1707 4.588549574663
1708 4.588548884289396
1709 4.588548197321629
1710 4.588547513743063
1711 4.588546833537253
1712 4.588546156687794
1713 4.588545483178279
1714 4.588544812992462
1715 4.588544146114166
1716 4.588543482527269
1717 4.588542822215741
1718 4.588542165163647
1719 4.588541511355081
1720 4.588540860774267
1721 4.588540213405482
1722 4.588539569233072
1723 4.5885389282414675
1724 4.5885382904151655
1725 4.588537655738749
1726 4.5885370241968655
1727 4.588536395774259
1728 4.5885357704557395
1729 4.588535148226129
1730 4.588534529070437
1731 4.588533912973648
1732 4.588533299920889
1733 4.58853268989728
1734 4.588532082888114
1735 4.588531478878659
1736 4.588530877854304
1737 4.588530279800501
1738 4.588529684702757
1739 4.588529092546717
1740 4.5885285033180025
1741 4.588527917002329
1742 4.588527333585515
1743 4.58852675305344
1744 4.58852617539204
1745 4.588525600587325
1746 4.5885250286253285
1747 4.588524459492219
1748 4.588523893174198
1749 4.588523329657578
1750 4.588522768928632
1751 4.588522210973809
1752 4.588521655779576
1753 4.588521103332464
1754 4.588520553619106
1755 4.588520006626115
1756 4.588519462340255
1757 4.588518920748333
1758 4.5885183818372255
1759 4.588517845593782
1760 4.5885173120050755
1761 4.588516781058103
1762 4.588516252740016
1763 4.588515727037955
1764 4.588515203939158
1765 4.5885146834309705
1766 4.588514165500714
1767 4.588513650135819
1768 4.588513137323773
1769 4.588512627052112
1770 4.588512119308456
1771 4.588511614080471
1772 4.588511111355841
1773 4.5885106111224
1774 4.588510113367971
1775 4.588509618080451
1776 4.588509125247809
1777 4.588508634858077
1778 4.588508146899277
1779 4.588507661359604
1780 4.588507178227218
1781 4.588506697490393
1782 4.588506219137417
1783 4.588505743156619
1784 4.588505269536516
1785 4.588504798265492
1786 4.588504329332105
1787 4.588503862724954
1788 4.5885033984326515
1789 4.588502936443923
1790 4.58850247674752
1791 4.588502019332251
1792 4.58850156418695
1793 4.588501111300559
1794 4.588500660662029
1795 4.588500212260395
1796 4.588499766084716
1797 4.588499322124146
1798 4.58849888036782
1799 4.58849844080501
1800 4.5884980034249985
1801 4.588497568217096
1802 4.588497135170734
1803 4.58849670427533
1804 4.588496275520343
1805 4.588495848895369
1806 4.5884954243899765
1807 4.5884950019938
1808 4.588494581696562
1809 4.5884941634879635
1810 4.588493747357842
1811 4.588493333296009
1812 4.588492921292365
1813 4.588492511336843
1814 4.588492103419465
1815 4.5884916975302295
1816 4.58849129365926
1817 4.58849089179664
1818 4.588490491932601
1819 4.588490094057355
1820 4.588489698161176
1821 4.588489304234426
1822 4.588488912267396
1823 4.588488522250579
1824 4.588488134174391
1825 4.588487748029364
1826 4.588487363806069
1827 4.588486981495078
1828 4.588486601087081
1829 4.588486222572727
1830 4.58848584594277
1831 4.5884854711879814
1832 4.588485098299226
1833 4.5884847272673435
1834 4.588484358083272
1835 4.588483990737957
1836 4.588483625222403
1837 4.588483261527684
1838 4.588482899644855
1839 4.588482539565057
1840 4.5884821812795105
1841 4.588481824779371
1842 4.588481470055972
1843 4.588481117100556
1844 4.588480765904506
1845 4.5884804164591975
1846 4.588480068756087
1847 4.588479722786602
1848 4.588479378542309
1849 4.588479036014744
1850 4.588478695195468
1851 4.588478356076187
1852 4.588478018648519
1853 4.588477682904194
1854 4.588477348835017
1855 4.588477016432732
1856 4.588476685689177
1857 4.5884763565962965
1858 4.588476029145918
1859 4.588475703330053
1860 4.588475379140702
1861 4.588475056569867
1862 4.588474735609634
1863 4.5884744162521365
1864 4.5884740984894945
1865 4.588473782313914
1866 4.588473467717599
1867 4.588473154692845
1868 4.588472843231932
1869 4.588472533327205
1870 4.588472224971021
1871 4.58847191815583
1872 4.588471612874075
1873 4.588471309118202
1874 4.588471006880762
1875 4.588470706154304
1876 4.588470406931461
1877 4.588470109204809
1878 4.588469812967022
1879 4.588469518210855
1880 4.58846922492899
1881 4.588468933114237
1882 4.588468642759387
1883 4.588468353857271
1884 4.588468066400795
1885 4.588467780382857
1886 4.588467495796381
1887 4.588467212634382
1888 4.5884669308898705
1889 4.5884666505558656
1890 4.588466371625497
1891 4.588466094091862
1892 4.588465817948079
1893 4.588465543187377
1894 4.588465269802931
1895 4.58846499778803
1896 4.588464727135944
1897 4.588464457839977
1898 4.5884641898934655
1899 4.588463923289827
1900 4.588463658022409
1901 4.58846339408473
1902 4.588463131470216
1903 4.588462870172384
1904 4.588462610184786
1905 4.588462351500972
1906 4.588462094114578
1907 4.588461838019188
1908 4.588461583208496
1909 4.5884613296761945
1910 4.588461077416002
1911 4.588460826421664
1912 4.5884605766869715
1913 4.5884603282057626
1914 4.588460080971883
1915 4.588459834979141
1916 4.588459590221516
1917 4.5884593466929005
1918 4.588459104387318
1919 4.588458863298683
1920 4.588458623421049
1921 4.5884583847485025
1922 4.58845814727509
1923 4.5884579109949035
1924 4.588457675902117
1925 4.5884574419909
1926 4.588457209255422
1927 4.588456977689927
1928 4.5884567472886495
1929 4.58845651804587
1930 4.588456289955922
1931 4.588456063013086
1932 4.588455837211771
1933 4.58845561254637
1934 4.588455389011255
1935 4.588455166600916
1936 4.588454945309823
1937 4.588454725132422
1938 4.5884545060633
1939 4.588454288096974
1940 4.588454071228019
1941 4.588453855451056
1942 4.5884536407607035
1943 4.588453427151623
1944 4.58845321461852
1945 4.588453003156064
1946 4.588452792758996
1947 4.5884525834220895
1948 4.5884523751401325
1949 4.588452167907927
1950 4.588451961720319
1951 4.588451756572138
1952 4.588451552458304
1953 4.588451349373722
1954 4.588451147313309
1955 4.588450946272041
1956 4.588450746244917
1957 4.588450547226914
1958 4.588450349213081
1959 4.588450152198464
1960 4.588449956178175
1961 4.588449761147276
1962 4.5884495671009375
1963 4.588449374034286
1964 4.5884491819425035
1965 4.588448990820797
1966 4.588448800664394
1967 4.588448611468512
1968 4.588448423228448
1969 4.5884482359395005
1970 4.588448049596967
1971 4.588447864196203
1972 4.588447679732525
1973 4.588447496201401
1974 4.588447313598143
1975 4.588447131918236
1976 4.588446951157118
1977 4.5884467713102515
1978 4.588446592373146
1979 4.588446414341333
1980 4.588446237210315
1981 4.5884460609756665
1982 4.588445885632967
1983 4.5884457111778385
1984 4.58844553760588
1985 4.588445364912773
1986 4.588445193094137
1987 4.588445022145705
1988 4.588444852063161
1989 4.588444682842222
1990 4.588444514478672
1991 4.588444346968271
1992 4.588444180306802
1993 4.588444014490109
1994 4.5884438495139745
1995 4.588443685374295
1996 4.588443522066921
1997 4.588443359587757
1998 4.5884431979327305
1999 4.588443037097731
2000 4.588442877078748
2001 4.588442717871756
2002 4.5884425594727265
2003 4.588442401877694
2004 4.588442245082664
2005 4.588442089083711
2006 4.588441933876901
2007 4.588441779458309
2008 4.588441625824081
2009 4.588441472970292
2010 4.588441320893143
2011 4.588441169588747
2012 4.588441019053336
2013 4.588440869283064
2014 4.588440720274192
2015 4.588440572022937
2016 4.588440424525565
2017 4.588440277778354
2018 4.588440131777589
2019 4.588439986519592
2020 4.588439842000666
2021 4.588439698217223
2022 4.588439555165553
2023 4.588439412842089
2024 4.588439271243217
2025 4.588439130365343
2026 4.588438990204917
2027 4.588438850758415
2028 4.588438712022243
2029 4.58843857399297
2030 4.588438436667053
2031 4.5884383000410125
2032 4.588438164111391
2033 4.588438028874759
2034 4.588437894327686
2035 4.588437760466778
2036 4.588437627288569
2037 4.588437494789767
2038 4.5884373629669515
2039 4.588437231816824
2040 4.588437101336023
2041 4.588436971521257
2042 4.588436842369216
2043 4.588436713876641
2044 4.588436586040232
2045 4.58843645885677
2046 4.588436332323017
2047 4.588436206435754
2048 4.588436081191791
2049 4.588435956587926
2050 4.58843583262099
2051 4.588435709287845
2052 4.588435586585333
2053 4.588435464510366
2054 4.588435343059791
2055 4.588435222230526
2056 4.588435102019524
2057 4.588434982423709
2058 4.58843486344
2059 4.588434745065392
2060 4.58843462729688
2061 4.5884345101314326
2062 4.5884343935660965
2063 4.588434277597843
2064 4.588434162223789
2065 4.5884340474408845
2066 4.588433933246299
2067 4.588433819637077
2068 4.588433706610305
2069 4.588433594163097
2070 4.588433482292585
2071 4.58843337099593
2072 4.588433260270249
2073 4.588433150112744
2074 4.5884330405205915
2075 4.588432931490933
2076 4.5884328230210505
2077 4.588432715108121
2078 4.58843260774941
2079 4.588432500942157
2080 4.58843239468361
2081 4.588432288971061
2082 4.58843218380182
2083 4.588432079173133
2084 4.588431975082364
2085 4.588431871526845
2086 4.588431768503901
2087 4.5884316660108615
2088 4.588431564045128
2089 4.588431462604104
2090 4.588431361685136
2091 4.588431261285644
2092 4.58843116140307
2093 4.588431062034823
2094 4.588430963178364
2095 4.588430864831127
2096 4.588430766990603
2097 4.588430669654271
2098 4.588430572819616
2099 4.588430476484153
2100 4.588430380645379
2101 4.588430285300872
2102 4.588430190448123
2103 4.588430096084714
2104 4.5884300022082165
2105 4.588429908816184
2106 4.588429815906241
2107 4.58842972347596
2108 4.588429631522979
2109 4.588429540044882
2110 4.588429449039365
2111 4.588429358504031
2112 4.588429268436565
2113 4.588429178834622
2114 4.588429089695909
2115 4.588429001018077
2116 4.588428912798901
2117 4.588428825036021
2118 4.588428737727223
2119 4.588428650870224
2120 4.588428564462778
2121 4.588428478502622
2122 4.588428392987573
2123 4.588428307915365
2124 4.58842822328383
2125 4.5884281390907775
2126 4.58842805533397
2127 4.588427972011295
2128 4.588427889120563
2129 4.588427806659631
2130 4.588427724626337
2131 4.588427643018562
2132 4.5884275618341785
2133 4.588427481071084
2134 4.588427400727199
2135 4.588427320800374
2136 4.5884272412885805
2137 4.588427162189741
2138 4.588427083501786
2139 4.588427005222672
2140 4.588426927350323
2141 4.588426849882778
2142 4.588426772817961
2143 4.588426696153903
2144 4.588426619888571
2145 4.588426544019994
2146 4.588426468546206
2147 4.588426393465175
2148 4.58842631877502
2149 4.588426244473716
2150 4.588426170559408
2151 4.588426097030067
2152 4.588426023883837
2153 4.588425951118771
2154 4.588425878732978
2155 4.588425806724581
2156 4.588425735091665
2157 4.588425663832356
2158 4.588425592944805
2159 4.588425522427155
2160 4.588425452277532
2161 4.588425382494124
2162 4.5884253130750885
2163 4.588425244018584
2164 4.588425175322846
2165 4.588425106986027
2166 4.588425039006351
2167 4.588424971382055
2168 4.588424904111295
2169 4.588424837192345
2170 4.588424770623462
2171 4.588424704402856
2172 4.588424638528844
2173 4.588424572999604
2174 4.588424507813475
2175 4.588424442968727
2176 4.588424378463624
2177 4.588424314296519
2178 4.588424250465663
2179 4.588424186969414
2180 4.588424123806066
2181 4.588424060973985
2182 4.588423998471475
2183 4.5884239362969
2184 4.588423874448635
2185 4.588423812924996
2186 4.588423751724414
2187 4.588423690845236
2188 4.588423630285869
2189 4.588423570044709
2190 4.5884235101201325
2191 4.588423450510583
2192 4.588423391214464
2193 4.588423332230222
2194 4.588423273556273
2195 4.5884232151910735
2196 4.58842315713306
2197 4.588423099380696
2198 4.588423041932465
2199 4.588422984786818
2200 4.588422927942255
2201 4.588422871397259
2202 4.588422815150331
2203 4.588422759199973
2204 4.588422703544655
2205 4.588422648182961
2206 4.588422593113379
2207 4.588422538334455
2208 4.588422483844701
2209 4.588422429642707
2210 4.588422375727015
2211 4.588422322096152
2212 4.588422268748725
2213 4.588422215683311
2214 4.588422162898446
2215 4.58842211039279
2216 4.5884220581648885
2217 4.588422006213342
2218 4.588421954536798
2219 4.5884219031338365
2220 4.588421852003108
2221 4.588421801143235
2222 4.588421750552832
2223 4.588421700230576
2224 4.588421650175109
2225 4.588421600385085
2226 4.588421550859156
2227 4.588421501596004
2228 4.588421452594315
2229 4.588421403852765
2230 4.588421355370046
2231 4.5884213071448325
2232 4.588421259175862
2233 4.5884212114618075
2234 4.588421164001413
2235 4.588421116793408
2236 4.5884210698364685
2237 4.588421023129402
2238 4.5884209766708945
2239 4.588420930459709
2240 4.588420884494603
2241 4.588420838774321
