1 12.846557891438874
2 9.658777002905653
3 8.352539279056584
4 7.601087525200699
5 7.102900175944282
6 6.744683201406622
7 6.47333252572734
8 6.2599841039576205
9 6.087518151420932
10 5.94505511891256
11 5.825325241491524
12 5.723267676713542
13 5.635241800134834
14 5.55855586643949
15 5.49117333385381
16 5.43152271034376
17 5.378370530591748
18 5.330734133728092
19 5.287820333868334
20 5.248981383875613
21 5.213682765766249
22 5.181479239512626
23 5.151996767641907
24 5.124918691321607
25 5.099975029806407
26 5.076934106339267
27 5.055595928820377
28 5.035786909288767
29 5.017355615621767
30 5.000169326755231
31 4.984111218952382
32 4.969078051730153
33 4.954978252411288
34 4.941730320945181
35 4.929261493741656
36 4.917506618278807
37 4.9064072002362344
38 4.8959105926349284
39 4.885969302486536
40 4.876540395179677
41 4.8675849805600135
42 4.859067767621024
43 4.850956677085865
44 4.843222503056412
45 4.835838616433333
46 4.828780704048746
47 4.822026538458527
48 4.815555774162892
49 4.8093497666972915
50 4.803391411589332
51 4.797665000635308
52 4.792156093329098
53 4.7868514015920205
54 4.781738686215647
55 4.776806663650688
56 4.772044921960817
57 4.76744384491741
58 4.762994543343794
59 4.758688792931115
60 4.754518977843939
61 4.7504780395169615
62 4.74655943011445
63 4.742757070186268
64 4.739065310106426
65 4.735478894926886
66 4.731992932319191
67 4.728602863311351
68 4.7253044355588365
69 4.722093678914677
70 4.718966883088328
71 4.715920577203742
72 4.712951511085576
73 4.710056638119448
74 4.707233099546902
75 4.704478210068804
76 4.701789444642789
77 4.699164426371216
78 4.696600915385324
79 4.694096798639869
80 4.691650080540754
81 4.689258874334236
82 4.686921394193592
83 4.684635947944021
84 4.682400930372274
85 4.680214817071849
86 4.6780761587791435
87 4.675983576159423
88 4.673935755005485
89 4.671931441814645
90 4.669969439712779
91 4.668048604697089
92 4.666167842170895
93 4.664326103747026
94 4.662522384297451
95 4.660755719229232
96 4.659025181968372
97 4.6573298816345305
98 4.655668960891303
99 4.654041593957748
100 4.6524469847682095
101 4.650884365268474
102 4.649352993837303
103 4.6478521538234014
104 4.646381152188401
105 4.644939318247624
106 4.643526002500744
107 4.642140575545188
108 4.640782427065936
109 4.639450964895386
110 4.638145614138132
111 4.636865816355312
112 4.635611028804
113 4.634380723727371
114 4.633174387691679
115 4.631991520966428
116 4.630831636944484
117 4.629694261598988
118 4.62857893297438
119 4.627485200708821
120 4.626412625585769
121 4.625360779112488
122 4.624329243123443
123 4.623317609406796
124 4.622325479352206
125 4.621352463618628
126 4.620398181820237
127 4.619462262229634
128 4.618544341496755
129 4.617644064382488
130 4.616761083506087
131 4.615895059105148
132 4.615045658807536
133 4.61421255741429
134 4.613395436692846
135 4.612593985179836
136 4.611807897992819
137 4.611036876650441
138 4.6102806289003295
139 4.609538868554421
140 4.608811315331032
141 4.608097694703485
142 4.60739773775461
143 4.606711181037095
144 4.606037766439022
145 4.605377241054458
146 4.604729357058814
147 4.604093871588595
148 4.603470546625351
149 4.6028591488836765
150 4.6022594497028475
151 4.601671224942094
152 4.601094254879193
153 4.600528324112317
154 4.599973221464809
155 4.599428739892938
156 4.598894676396342
157 4.598370831931093
158 4.597857011325244
159 4.597353023196791
160 4.596858679873832
161 4.596373797316946
162 4.595898195043651
163 4.595431696054783
164 4.594974126762922
165 4.594525316922462
166 4.59408509956159
167 4.593653310915886
168 4.5932297903635675
169 4.592814380362262
170 4.592406926387401
171 4.592007276871884
172 4.591615283147326
173 4.591230799386569
174 4.590853682547538
175 4.590483792318329
176 4.5901209910635785
177 4.589765143771977
178 4.589416118004997
179 4.589073783846614
180 4.5887380138543
181 4.588408683010893
182 4.58808566867764
183 4.587768850548077
184 4.587458110602997
185 4.587153333066375
186 4.586854404362096
187 4.586561213071665
188 4.586273649892757
189 4.585991607598596
190 4.585714980998262
191 4.585443666897562
192 4.585177564061047
193 4.584916573174419
194 4.584660596807981
195 4.584409539380635
196 4.5841633071246815
197 4.583921808051258
198 4.583684951916549
199 4.583452650188555
200 4.583224816014592
201 4.583001364189363
202 4.582782211123707
203 4.582567274813937
204 4.582356474811759
205 4.5821497321948
206 4.5819469695376505
207 4.581748110883568
208 4.581553081716604
209 4.581361808934396
210 4.581174220821312
211 4.580990247022306
212 4.580809818517149
213 4.580632867595145
214 4.580459327830427
215 4.580289134057608
216 4.580122222348011
217 4.579958529986237
218 4.579797995447254
219 4.5796405583739315
220 4.579486159554944
221 4.57933474090307
222 4.5791862454341
223 4.579040617245817
224 4.578897801497715
225 4.578757744390826
226 4.578620393148083
227 4.578485695995047
228 4.578353602140947
229 4.578224061760046
230 4.5780970259735065
231 4.5779724468314065
232 4.577850277295264
233 4.577730471220757
234 4.577612983340885
235 4.577497769249323
236 4.577384785384238
237 4.577273989012263
238 4.5771653382128825
239 4.577058791863031
240 4.5769543096220575
241 4.576851851916919
242 4.576751379927656
243 4.576652855573168
244 4.576556241497235
245 4.576461501054824
246 4.576368598298636
247 4.576277497965853
248 4.576188165465315
249 4.57610056686465
250 4.576014668877972
251 4.575930438853511
252 4.575847844761703
253 4.575766855183371
254 4.57568743929817
255 4.575609566873278
256 4.5755332082522395
257 4.575458334344081
258 4.575384916612565
259 4.575312927065723
260 4.575242338245511
261 4.575173123217693
262 4.575105255561964
263 4.575038709362146
264 4.574973459196679
265 4.574909480129214
266 4.574846747699442
267 4.574785237914031
268 4.574724927237809
269 4.57466579258506
270 4.574607811310998
271 4.574550961203374
272 4.574495220474337
273 4.574440567752287
274 4.574386982074056
275 4.574334442877126
276 4.574282929992015
277 4.574232423634825
278 4.574182904399904
279 4.574134353252672
280 4.574086751522592
281 4.574040080896229
282 4.573994323410479
283 4.573949461445886
284 4.5739054777201265
285 4.573862355281647
286 4.573820077503291
287 4.573778628076212
288 4.573737991003734
289 4.573698150595508
290 4.5736590914616215
291 4.573620798506907
292 4.573583256925351
293 4.573546452194521
294 4.573510370070256
295 4.573474996581365
296 4.573440318024328
297 4.573406320958319
298 4.573372992200143
299 4.573340318819361
300 4.573308288133425
301 4.573276887703027
302 4.573246105327415
303 4.57321592903985
304 4.573186347103184
305 4.573157348005446
306 4.57312892045555
307 4.573101053379124
308 4.573073735914337
309 4.573046957407876
310 4.57302070741093
311 4.572994975675356
312 4.572969752149766
313 4.572945026975853
314 4.572920790484675
315 4.572897033192987
316 4.572873745799842
317 4.572850919182935
318 4.572828544395336
319 4.572806612662036
320 4.572785115376768
321 4.572764044098688
322 4.57274339054927
323 4.572723146609196
324 4.572703304315321
325 4.572683855857683
326 4.572664793576535
327 4.572646109959556
328 4.5726277976390035
329 4.5726098493889005
330 4.572592258122383
331 4.5725750168890205
332 4.572558118872209
333 4.572541557386618
334 4.572525325875655
335 4.572509417909034
336 4.57249382718037
337 4.572478547504746
338 4.572463572816463
339 4.572448897166703
340 4.572434514721314
341 4.572420419758648
342 4.572406606667352
343 4.572393069944277
344 4.572379804192421
345 4.572366804118881
346 4.57235406453286
347 4.572341580343727
348 4.572329346559073
349 4.572317358282866
350 4.5723056107135625
351 4.5722940991423275
352 4.572282818951233
353 4.572271765611555
354 4.572260934682014
355 4.572250321807148
356 4.5722399227156245
357 4.572229733218658
358 4.572219749208404
359 4.572209966656432
360 4.572200381612179
361 4.572190990201481
362 4.572181788625082
363 4.572172773157195
364 4.572163940144132
365 4.572155286002869
366 4.572146807219717
367 4.572138500349009
368 4.572130362011754
369 4.572122388894385
370 4.572114577747499
371 4.572106925384583
372 4.57209942868091
373 4.572092084572218
374 4.572084890053676
375 4.572077842178623
376 4.572070938057595
377 4.572064174857037
378 4.572057549798406
379 4.572051060157029
380 4.572044703261043
381 4.572038476490462
382 4.572032377276102
383 4.572026403098666
384 4.572020551487717
385 4.5720148200208115
386 4.572009206322507
387 4.572003708063524
388 4.571998322959806
389 4.571993048771672
390 4.571987883302971
391 4.5719828244002105
392 4.571977869951776
393 4.571973017887102
394 4.571968266175883
395 4.571963612827311
396 4.5719590558892795
397 4.5719545934477095
398 4.571950223625731
399 4.571945944583026
400 4.571941754515093
401 4.57193765165259
402 4.571933634260631
403 4.571929700638093
404 4.571925849117058
405 4.571922078062057
406 4.571918385869555
407 4.571914770967222
408 4.571911231813451
409 4.571907766896673
410 4.571904374734819
411 4.571901053874732
412 4.571897802891624
413 4.5718946203885595
414 4.571891504995808
415 4.5718884553704715
416 4.571885470195833
417 4.571882548180926
418 4.571879688060034
419 4.571876888592156
420 4.571874148560585
421 4.571871466772397
422 4.5718688420580404
423 4.571866273270799
424 4.571863759286439
425 4.571861299002722
426 4.57185889133904
427 4.571856535235895
428 4.571854229654583
429 4.571851973576758
430 4.571849766004045
431 4.571847605957606
432 4.571845492477885
433 4.571843424624069
434 4.57184140147387
435 4.571839422123088
436 4.571837485685248
437 4.5718355912913315
438 4.571833738089398
439 4.571831925244219
440 4.57183015193701
441 4.57182841736509
442 4.571826720741547
443 4.571825061294991
444 4.571823438269173
445 4.5718218509227615
446 4.571820298529047
447 4.571818780375579
448 4.571817295764008
449 4.571815844009706
450 4.571814424441588
451 4.571813036401793
452 4.571811679245418
453 4.571810352340323
454 4.571809055066838
455 4.571807786817541
456 4.571806546997009
457 4.571805335021596
458 4.571804150319179
459 4.571802992328964
460 4.571801860501264
461 4.571800754297257
462 4.571799673188817
463 4.571798616658247
464 4.57179758419814
465 4.571796575311113
466 4.571795589509688
467 4.571794626316032
468 4.571793685261816
469 4.571792765887984
470 4.571791867744633
471 4.571790990390762
472 4.571790133394159
473 4.571789296331223
474 4.571788478786748
475 4.571787680353802
476 4.571786900633577
477 4.571786139235185
478 4.571785395775548
479 4.571784669879212
480 4.571783961178211
481 4.571783269311921
482 4.571782593926959
483 4.571781934676937
484 4.57178129122241
485 4.571780663230765
486 4.571780050375981
487 4.571779452338578
488 4.571778868805504
489 4.5717782994699325
490 4.571777744031231
491 4.571777202194745
492 4.571776673671772
493 4.571776158179383
494 4.57177565544035
495 4.571775165182975
496 4.571774687141068
497 4.571774221053772
498 4.571773766665475
499 4.571773323725733
500 4.571772891989106
501 4.571772471215129
502 4.571772061168206
503 4.571771661617453
504 4.571771272336679
505 4.571770893104236
506 4.571770523702985
507 4.57177016392016
508 4.571769813547314
509 4.571769472380203
510 4.571769140218735
511 4.571768816866884
512 4.57176850213257
513 4.5717681958276355
514 4.57176789776774
515 4.571767607772301
516 4.571767325664378
517 4.571767051270685
518 4.571766784421392
519 4.571766524950204
520 4.571766272694162
521 4.571766027493662
522 4.57176578919236
523 4.571765557637101
524 4.571765332677838
525 4.571765114167646
526 4.5717649019625615
527 4.571764695921599
528 4.571764495906659
529 4.571764301782474
530 4.571764113416547
531 4.571763930679119
532 4.571763753443119
533 4.571763581584032
534 4.571763414979978
535 4.571763253511544
536 4.571763097061803
537 4.571762945516236
538 4.571762798762693
539 4.571762656691366
540 4.5717625191946665
541 4.571762386167281
542 4.571762257506095
543 4.571762133110097
544 4.571762012880387
545 4.571761896720127
546 4.571761784534496
547 4.571761676230645
548 4.571761571717665
549 4.571761470906561
550 4.57176137371016
551 4.571761280043142
552 4.571761189821971
553 4.571761102964858
554 4.571761019391739
555 4.571760939024218
556 4.571760861785553
557 4.571760787600619
558 4.571760716395879
559 4.571760648099348
560 4.571760582640544
561 4.571760519950505
562 4.571760459961708
563 4.57176040260805
564 4.57176034782487
565 4.571760295548843
566 4.57176024571801
567 4.5717601982717095
568 4.571760153150625
