82 4.5129939134663895
83 4.510624912983228
84 4.5098639611707885
85 4.5093515164228
86 4.508964019424416
87 4.508660018515774
88 4.508416542438458
89 4.508218767777413
90 4.508056421445237
91 4.507922040652129
92 4.50781003786801
93 4.507716136851819
94 4.507637009956919
95 4.507570033021842
96 4.507513113676763
97 4.5074645677350045
98 4.507423028303316
99 4.5073873778519316
100 4.5073566967306595
101 4.5073302236554476
102 4.5073073250409035
103 4.507287470975366
104 4.507270216258969
105 4.507255185343998
106 4.507242060305064
107 4.5072305711712355
108 4.507220488104687
109 4.5072116150269945
110 4.507203784385443
111 4.507196852822477
112 4.507190697566226
113 4.50718521340213
114 4.50718031011744
115 4.50717591033442
116 4.507171947666103
117 4.50716836514193
118 4.507165113860926
119 4.507162151837842
120 4.507159443013603
121 4.507156956406381
122 4.507154665383082
123 4.507152547034255
124 4.5071505816379425
125 4.507148752199918
126 4.507147044059698
127 4.507145444553054
128 4.507143942723135
129 4.507142529073302
130 4.507141195355793
131 4.50713993439112
132 4.507138739913852
133 4.507137606440904
134 4.50713652915918
135 4.507135503829757
136 4.507134526706143
137 4.50713359446463
138 4.507132704144956
139 4.507131853099686
140 4.507131038951172
141 4.5071302595548035
142 4.507129512967751
143 4.507128797422306
144 4.507128111303157
145 4.507127453128021
146 4.507126821531094
147 4.507126215248951
148 4.507125633108486
149 4.507125074016566
150 4.507124536951214
151 4.50712402095402
152 4.507123525123613
153 4.507123048610058
154 4.507122590610008
155 4.507122150362522
156 4.507121727145417
157 4.507121320272104
158 4.507120929088829
159 4.507120552972247
160 4.507120191327279
161 4.507119843585233
162 4.507119509202117
163 4.507119187657144
164 4.5071188784514
165 4.507118581106609
166 4.507118295164055
167 4.507118020183585
168 4.507117755742661
169 4.507117501435573
170 4.507117256872599
171 4.507117021679338
172 4.507116795495997
173 4.507116577976791
174 4.50711636878933
175 4.507116167614081
176 4.5071159741438365
177 4.507115788083204
178 4.5071156091481495
179 4.507115437065557
180 4.507115271572761
181 4.507115112417191
182 4.507114959355933
183 4.5071148121554
184 4.507114670590923
185 4.507114534446461
186 4.507114403514228
187 4.507114277594408
188 4.507114156494824
189 4.507114040030674
190 4.50711392802423
191 4.507113820304576
192 4.50711371670734
193 4.507113617074472
194 4.507113521253957
195 4.507113429099629
196 4.507113340470912
197 4.507113255232642
198 4.507113173254834
199 4.50711309441249
200 4.507113018585416
201 4.507112945658022
202 4.50711287551917
203 4.507112808061976
204 4.50711274318367
205 4.5071126807854265
206 4.507112620772223
207 4.5071125630526625
208 4.507112507538889
209 4.507112454146401
210 4.507112402793948
211 4.507112353403402
212 4.507112305899638
213 4.507112260210401
214 4.507112216266223
