0 0.19509032201612825 0.3826834323650898 0.5555702330196022 0.7071067811865476 0.8314696123025452 0.9238795325112867 0.9807852804032304 1 0.9807852804032304 0.9238795325112867 0.8314696123025453 0.7071067811865476 0.5555702330196025 0.3826834323650899 0.1950903220161286 0.00000000000000012246467991473532 
0.3826834323650898 0.4226940440104057 0.4958570112670377 0.5833107942064484 0.670721351580978 0.7471624118750145 0.8043833345301241 0.8363173110961171 0.838725663380209 0.8089022616543714 0.7453796238711782 0.64758741437898 0.5154158898863811 0.34863127110635694 0.14607586065024464 -0.09543949629938757 -0.3826834323650898 
0.7071067811865476 0.6171451392454013 0.5947393205282234 0.6110939683362215 0.6453046770346221 0.6820745107523065 0.7101731835043388 0.7213740426394915 0.7096821691070967 0.6707176133394195 0.6011484985924082 0.4980838475032615 0.35833753543471125 0.1774626864017127 -0.051572025687860915 -0.3402408391325041 -0.7071067811865476 
0.9238795325112867 0.744039957284945 0.6548604201764074 0.6210200885199388 0.6173276816170212 0.6256564250590182 0.6328594076944267 0.6293220338169192 0.6079099067809348 0.5631361508288848 0.4904116629898043 0.38526086416996597 0.24238684439874275 0.05445332066642024 -0.1895862094472143 -0.5068452009361212 -0.9238795325112867 
1 0.7802741245391293 0.6596413212724908 0.6007969625216287 0.5773279487138372 0.5703623176878728 0.5662840857348926 0.5551428322430422 0.5294973599178395 0.4835036108471015 0.41209949809330637 0.3101596867010299 0.17149451282923417 -0.012450879221469313 -0.2543814478976024 -0.5736744069062545 -1 
0.9238795325112867 0.7174144774812403 0.6026325818812 0.5451969043521304 0.520822929648707 0.5121786760157429 0.5067695082044842 0.49546552251252274 0.47143080339140375 0.42927927425201373 0.36432107517220325 0.2717821855284718 0.14588103775028133 -0.021370900080604514 -0.2418149053148843 -0.5334711913242066 -0.9238795325112867 
0.7071067811865476 0.562870832497134 0.4882762786639675 0.45653336066379957 0.4485860541532277 0.45075755500846015 0.4531471976784667 0.44851634097916027 0.43147849851819187 0.39785919174673606 0.34412115610895905 0.2667650595683129 0.16161683382899736 0.02290003567725206 -0.15803675779345702 -0.39451615222490466 -0.7071067811865476 
0.3826834323650899 0.3386848932885985 0.33106690088346635 0.3440723024756577 0.3662280938930528 0.3891157411441797 0.40654266921168214 0.41397137131041695 0.40810493519945334 0.38655526823588715 0.3475369730599972 0.28953806219872114 0.21091958993502993 0.10938978931001668 -0.018716723459494964 -0.17945011984665707 -0.3826834323650899 
0.00000000000000012246467991473532 0.0781174836735182 0.15323265563634533 0.22245890806832844 0.2831359503610473 0.33293204089187556 0.36993359263565184 0.3927187091968848 0.4004118253910869 0.392717352644177 0.36993103630883367 0.33292858851023094 0.2831320334153918 0.2224550583107487 0.1532294706570344 0.07811558736526442 -0.00000000000000012246467991473532 
-0.38268343236508967 -0.1794485262541507 -0.018714120890921164 0.10939280974937356 0.21092247159747365 0.2895403205672648 0.34753822813767377 0.3865552699339142 0.4081035803801043 0.41396871157610554 0.40653890900970785 0.38911122625483374 0.3662232908645479 0.34406777003991573 0.33106325481057075 0.3386827664950547 0.38268343236508967 
-0.7071067811865475 -0.3945149014520958 -0.1580347964465803 0.022902170193076228 0.16161864473809154 0.266766125184884 0.3441211590644618 0.39785794141176195 0.43147594540566075 0.44851258233176367 0.4531424738972016 0.4507522370498278 0.4485806224887109 0.45652837683523884 0.48827235086223325 0.5628685769207985 0.7071067811865475 
-0.9238795325112865 -0.5334702906701367 -0.24181358089032665 -0.02136961823561235 0.14588185460062766 0.2717821890037753 0.3643200160848444 0.42927702144883395 0.4714273552344177 0.49546101033397966 0.5067641914835292 0.5121729294489666 0.5208172227055611 0.5451917742993668 0.6026286016101307 0.7174122197615076 0.9238795325112865 
-1 -0.5736738321575593 -0.2543806961998291 -0.012450332589368528 0.17149451602824717 0.31015887657584074 0.41209769365672483 0.4835007349069053 0.5294934475828807 0.5551380325237658 0.5662786560709742 0.570356611598439 0.5773223971212836 0.6007920496321371 0.6596375561897334 0.7802720100287681 1 
-0.923879532511287 -0.506844899525648 -0.18958591318736606 0.05445332298854369 0.2423863032421171 0.3852595881500814 0.49040953417344446 0.5631331355476759 0.6079060613283163 0.6293175046544065 0.6328544260731408 0.6256512962485856 0.6173227692129821 0.6210157945600037 0.6548571620233874 0.7440381424194182 0.923879532511287 
-0.7071067811865477 -0.3402407349651048 -0.05157202446365177 0.1774623935226755 0.35833678774934175 0.4980825273838962 0.6011465415052601 0.6707150146848015 0.7096789874651417 0.7213703991876632 0.7101692575677424 0.6820705316457146 0.6453009125471864 0.6110907103872497 0.5947368686770582 0.6171437828631819 0.7071067811865477 
-0.3826834323650904 -0.09543949596162932 0.14607575777101367 0.34863097148164585 0.5154153172671567 0.6475865160230181 0.7453783753886054 0.8089006701856896 0.8387237689054194 0.8363151857680031 0.8043810800249592 0.7471601548553061 0.6707192374627169 0.5833089795132336 0.4958556549312713 0.4226932980439181 0.3826834323650904 
0 0.19509032201612825 0.3826834323650898 0.5555702330196022 0.7071067811865476 0.8314696123025452 0.9238795325112867 0.9807852804032304 1 0.9807852804032304 0.9238795325112867 0.8314696123025453 0.7071067811865476 0.5555702330196025 0.3826834323650899 0.1950903220161286 0.00000000000000012246467991473532 
