0 0
0 0.4
0 0.8
0 1.2000000000000002
0 1.6
0 2
0 2.4000000000000004
0 2.8000000000000003
0 3.2
0 3.6
0 4
0 4.4
0 4.800000000000001
0 5.2
0 5.6000000000000005
0 6
0 6.4
0 6.800000000000001
0 7.2
0 7.6000000000000005
0 8
0 8.4
0 8.8
0 9.200000000000001
0 9.600000000000001
0 10
0 10.4
0 10.8
0 11.200000000000001
0 11.600000000000001
0 12
0 12.4
0 12.8
0 13.200000000000001
0 13.600000000000001
0 14
0 14.4
0 14.8
0 15.200000000000001
0 15.600000000000001
0 16
0 16.400000000000002
0 16.8
0 17.2
0 17.6
0 18
0 18.400000000000002
0 18.8
0 19.200000000000003
0 19.6
0 20
0 20.400000000000002
0 20.8
0 21.200000000000003
0 21.6
0 22
0 22.400000000000002
0 22.8
0 23.200000000000003
0 23.6
0 24
0 24.400000000000002
0 24.8
0 25.200000000000003
0 25.6
0.4 0
0.4 0.4
0.4 0.8
0.4 1.2000000000000002
0.4 1.6
0.4 2
0.4 2.4000000000000004
0.4 2.8000000000000003
0.4 3.2
0.4 3.6
0.4 4
0.4 4.4
0.4 4.800000000000001
0.4 5.2
0.4 5.6000000000000005
0.4 6
0.4 6.4
0.4 6.800000000000001
0.4 7.2
0.4 7.6000000000000005
0.4 8
0.4 8.4
0.4 8.8
0.4 9.200000000000001
0.4 9.600000000000001
0.4 10
0.4 10.4
0.4 10.8
0.4 11.200000000000001
0.4 11.600000000000001
0.4 12
0.4 12.4
0.4 12.8
0.4 13.200000000000001
0.4 13.600000000000001
0.4 14
0.4 14.4
0.4 14.8
0.4 15.200000000000001
0.4 15.600000000000001
0.4 16
0.4 16.400000000000002
0.4 16.8
0.4 17.2
0.4 17.6
0.4 18
0.4 18.400000000000002
0.4 18.8
0.4 19.200000000000003
0.4 19.6
0.4 20
0.4 20.400000000000002
0.4 20.8
0.4 21.200000000000003
0.4 21.6
0.4 22
0.4 22.400000000000002
0.4 22.8
0.4 23.200000000000003
0.4 23.6
0.4 24
0.4 24.400000000000002
0.4 24.8
0.4 25.200000000000003
0.4 25.6
0.8 0
0.8 0.4
0.8 0.8
0.8 1.2000000000000002
0.8 1.6
0.8 2
0.8 2.4000000000000004
0.8 2.8000000000000003
0.8 3.2
0.8 3.6
0.8 4
0.8 4.4
0.8 4.800000000000001
0.8 5.2
0.8 5.6000000000000005
0.8 6
0.8 6.4
0.8 6.800000000000001
0.8 7.2
0.8 7.6000000000000005
0.8 8
0.8 8.4
0.8 8.8
0.8 9.200000000000001
0.8 9.600000000000001
0.8 10
0.8 10.4
0.8 10.8
0.8 11.200000000000001
0.8 11.600000000000001
0.8 12
0.8 12.4
0.8 12.8
0.8 13.200000000000001
0.8 13.600000000000001
0.8 14
0.8 14.4
0.8 14.8
0.8 15.200000000000001
0.8 15.600000000000001
0.8 16
0.8 16.400000000000002
0.8 16.8
0.8 17.2
0.8 17.6
0.8 18
0.8 18.400000000000002
0.8 18.8
0.8 19.200000000000003
0.8 19.6
0.8 20
0.8 20.400000000000002
0.8 20.8
0.8 21.200000000000003
0.8 21.6
0.8 22
0.8 22.400000000000002
0.8 22.8
0.8 23.200000000000003
0.8 23.6
0.8 24
0.8 24.400000000000002
0.8 24.8
0.8 25.200000000000003
0.8 25.6
1.2000000000000002 0
1.2000000000000002 0.4
1.2000000000000002 0.8
1.2000000000000002 1.2000000000000002
1.2000000000000002 1.6
1.2000000000000002 2
1.2000000000000002 2.4000000000000004
1.2000000000000002 2.8000000000000003
1.2000000000000002 3.2
1.2000000000000002 3.6
1.2000000000000002 4
1.2000000000000002 4.4
1.2000000000000002 4.800000000000001
1.2000000000000002 5.2
1.2000000000000002 5.6000000000000005
1.2000000000000002 6
1.2000000000000002 6.4
1.2000000000000002 6.800000000000001
1.2000000000000002 7.2
1.2000000000000002 7.6000000000000005
1.2000000000000002 8
1.2000000000000002 8.4
1.2000000000000002 8.8
1.2000000000000002 9.200000000000001
1.2000000000000002 9.600000000000001
1.2000000000000002 10
1.2000000000000002 10.4
1.2000000000000002 10.8
1.2000000000000002 11.200000000000001
1.2000000000000002 11.600000000000001
1.2000000000000002 12
1.2000000000000002 12.4
1.2000000000000002 12.8
1.2000000000000002 13.200000000000001
1.2000000000000002 13.600000000000001
1.2000000000000002 14
1.2000000000000002 14.4
1.2000000000000002 14.8
1.2000000000000002 15.200000000000001
1.2000000000000002 15.600000000000001
1.2000000000000002 16
1.2000000000000002 16.400000000000002
1.2000000000000002 16.8
1.2000000000000002 17.2
1.2000000000000002 17.6
1.2000000000000002 18
1.2000000000000002 18.400000000000002
1.2000000000000002 18.8
1.2000000000000002 19.200000000000003
1.2000000000000002 19.6
1.2000000000000002 20
1.2000000000000002 20.400000000000002
1.2000000000000002 20.8
1.2000000000000002 21.200000000000003
1.2000000000000002 21.6
1.2000000000000002 22
1.2000000000000002 22.400000000000002
1.2000000000000002 22.8
1.2000000000000002 23.200000000000003
1.2000000000000002 23.6
1.2000000000000002 24
1.2000000000000002 24.400000000000002
1.2000000000000002 24.8
1.2000000000000002 25.200000000000003
1.2000000000000002 25.6
1.6 0
1.6 0.4
1.6 0.8
1.6 1.2000000000000002
1.6 1.6
1.6 2
1.6 2.4000000000000004
1.6 2.8000000000000003
1.6 3.2
1.6 3.6
1.6 4
1.6 4.4
1.6 4.800000000000001
1.6 5.2
1.6 5.6000000000000005
1.6 6
1.6 6.4
1.6 6.800000000000001
1.6 7.2
1.6 7.6000000000000005
1.6 8
1.6 8.4
1.6 8.8
1.6 9.200000000000001
1.6 9.600000000000001
1.6 10
1.6 10.4
1.6 10.8
1.6 11.200000000000001
1.6 11.600000000000001
1.6 12
1.6 12.4
1.6 12.8
1.6 13.200000000000001
1.6 13.600000000000001
1.6 14
1.6 14.4
1.6 14.8
1.6 15.200000000000001
1.6 15.600000000000001
1.6 16
1.6 16.400000000000002
1.6 16.8
1.6 17.2
1.6 17.6
1.6 18
1.6 18.400000000000002
1.6 18.8
1.6 19.200000000000003
1.6 19.6
1.6 20
1.6 20.400000000000002
1.6 20.8
1.6 21.200000000000003
1.6 21.6
1.6 22
1.6 22.400000000000002
1.6 22.8
1.6 23.200000000000003
1.6 23.6
1.6 24
1.6 24.400000000000002
1.6 24.8
1.6 25.200000000000003
1.6 25.6
2 0
2 0.4
2 0.8
2 1.2000000000000002
2 1.6
2 2
2 2.4000000000000004
2 2.8000000000000003
2 3.2
2 3.6
2 4
2 4.4
2 4.800000000000001
2 5.2
2 5.6000000000000005
2 6
2 6.4
2 6.800000000000001
2 7.2
2 7.6000000000000005
2 8
2 8.4
2 8.8
2 9.200000000000001
2 9.600000000000001
2 10
2 10.4
2 10.8
2 11.200000000000001
2 11.600000000000001
2 12
2 12.4
2 12.8
2 13.200000000000001
2 13.600000000000001
2 14
2 14.4
2 14.8
2 15.200000000000001
2 15.600000000000001
2 16
2 16.400000000000002
2 16.8
2 17.2
2 17.6
2 18
2 18.400000000000002
2 18.8
2 19.200000000000003
2 19.6
2 20
2 20.400000000000002
2 20.8
2 21.200000000000003
2 21.6
2 22
2 22.400000000000002
2 22.8
2 23.200000000000003
2 23.6
2 24
2 24.400000000000002
2 24.8
2 25.200000000000003
2 25.6
2.4000000000000004 0
2.4000000000000004 0.4
2.4000000000000004 0.8
2.4000000000000004 1.2000000000000002
2.4000000000000004 1.6
2.4000000000000004 2
2.4000000000000004 2.4000000000000004
2.4000000000000004 2.8000000000000003
2.4000000000000004 3.2
2.4000000000000004 3.6
2.4000000000000004 4
2.4000000000000004 4.4
2.4000000000000004 4.800000000000001
2.4000000000000004 5.2
2.4000000000000004 5.6000000000000005
2.4000000000000004 6
2.4000000000000004 6.4
2.4000000000000004 6.800000000000001
2.4000000000000004 7.2
2.4000000000000004 7.6000000000000005
2.4000000000000004 8
2.4000000000000004 8.4
2.4000000000000004 8.8
2.4000000000000004 9.200000000000001
2.4000000000000004 9.600000000000001
2.4000000000000004 10
2.4000000000000004 10.4
2.4000000000000004 10.8
2.4000000000000004 11.200000000000001
2.4000000000000004 11.600000000000001
2.4000000000000004 12
2.4000000000000004 12.4
2.4000000000000004 12.8
2.4000000000000004 13.200000000000001
2.4000000000000004 13.600000000000001
2.4000000000000004 14
2.4000000000000004 14.4
2.4000000000000004 14.8
2.4000000000000004 15.200000000000001
2.4000000000000004 15.600000000000001
2.4000000000000004 16
2.4000000000000004 16.400000000000002
2.4000000000000004 16.8
2.4000000000000004 17.2
2.4000000000000004 17.6
2.4000000000000004 18
2.4000000000000004 18.400000000000002
2.4000000000000004 18.8
2.4000000000000004 19.200000000000003
2.4000000000000004 19.6
2.4000000000000004 20
2.4000000000000004 20.400000000000002
2.4000000000000004 20.8
2.4000000000000004 21.200000000000003
2.4000000000000004 21.6
2.4000000000000004 22
2.4000000000000004 22.400000000000002
2.4000000000000004 22.8
2.4000000000000004 23.200000000000003
2.4000000000000004 23.6
2.4000000000000004 24
2.4000000000000004 24.400000000000002
2.4000000000000004 24.8
2.4000000000000004 25.200000000000003
2.4000000000000004 25.6
2.8000000000000003 0
2.8000000000000003 0.4
2.8000000000000003 0.8
2.8000000000000003 1.2000000000000002
2.8000000000000003 1.6
2.8000000000000003 2
2.8000000000000003 2.4000000000000004
2.8000000000000003 2.8000000000000003
2.8000000000000003 3.2
2.8000000000000003 3.6
2.8000000000000003 4
2.8000000000000003 4.4
2.8000000000000003 4.800000000000001
2.8000000000000003 5.2
2.8000000000000003 5.6000000000000005
2.8000000000000003 6
2.8000000000000003 6.4
2.8000000000000003 6.800000000000001
2.8000000000000003 7.2
2.8000000000000003 7.6000000000000005
2.8000000000000003 8
2.8000000000000003 8.4
2.8000000000000003 8.8
2.8000000000000003 9.200000000000001
2.8000000000000003 9.600000000000001
2.8000000000000003 10
2.8000000000000003 10.4
2.8000000000000003 10.8
2.8000000000000003 11.200000000000001
2.8000000000000003 11.600000000000001
2.8000000000000003 12
2.8000000000000003 12.4
2.8000000000000003 12.8
2.8000000000000003 13.200000000000001
2.8000000000000003 13.600000000000001
2.8000000000000003 14
2.8000000000000003 14.4
2.8000000000000003 14.8
2.8000000000000003 15.200000000000001
2.8000000000000003 15.600000000000001
2.8000000000000003 16
2.8000000000000003 16.400000000000002
2.8000000000000003 16.8
2.8000000000000003 17.2
2.8000000000000003 17.6
2.8000000000000003 18
2.8000000000000003 18.400000000000002
2.8000000000000003 18.8
2.8000000000000003 19.200000000000003
2.8000000000000003 19.6
2.8000000000000003 20
2.8000000000000003 20.400000000000002
2.8000000000000003 20.8
2.8000000000000003 21.200000000000003
2.8000000000000003 21.6
2.8000000000000003 22
2.8000000000000003 22.400000000000002
2.8000000000000003 22.8
2.8000000000000003 23.200000000000003
2.8000000000000003 23.6
2.8000000000000003 24
2.8000000000000003 24.400000000000002
2.8000000000000003 24.8
2.8000000000000003 25.200000000000003
2.8000000000000003 25.6
3.2 0
3.2 0.4
3.2 0.8
3.2 1.2000000000000002
3.2 1.6
3.2 2
3.2 2.4000000000000004
3.2 2.8000000000000003
3.2 3.2
3.2 3.6
3.2 4
3.2 4.4
3.2 4.800000000000001
3.2 5.2
3.2 5.6000000000000005
3.2 6
3.2 6.4
3.2 6.800000000000001
3.2 7.2
3.2 7.6000000000000005
3.2 8
3.2 8.4
3.2 8.8
3.2 9.200000000000001
3.2 9.600000000000001
3.2 10
3.2 10.4
3.2 10.8
3.2 11.200000000000001
3.2 11.600000000000001
3.2 12
3.2 12.4
3.2 12.8
3.2 13.200000000000001
3.2 13.600000000000001
3.2 14
3.2 14.4
3.2 14.8
3.2 15.200000000000001
3.2 15.600000000000001
3.2 16
3.2 16.400000000000002
3.2 16.8
3.2 17.2
3.2 17.6
3.2 18
3.2 18.400000000000002
3.2 18.8
3.2 19.200000000000003
3.2 19.6
3.2 20
3.2 20.400000000000002
3.2 20.8
3.2 21.200000000000003
3.2 21.6
3.2 22
3.2 22.400000000000002
3.2 22.8
3.2 23.200000000000003
3.2 23.6
3.2 24
3.2 24.400000000000002
3.2 24.8
3.2 25.200000000000003
3.2 25.6
3.6 0
3.6 0.4
3.6 0.8
3.6 1.2000000000000002
3.6 1.6
3.6 2
3.6 2.4000000000000004
3.6 2.8000000000000003
3.6 3.2
3.6 3.6
3.6 4
3.6 4.4
3.6 4.800000000000001
3.6 5.2
3.6 5.6000000000000005
3.6 6
3.6 6.4
3.6 6.800000000000001
3.6 7.2
3.6 7.6000000000000005
3.6 8
3.6 8.4
3.6 8.8
3.6 9.200000000000001
3.6 9.600000000000001
3.6 10
3.6 10.4
3.6 10.8
3.6 11.200000000000001
3.6 11.600000000000001
3.6 12
3.6 12.4
3.6 12.8
3.6 13.200000000000001
3.6 13.600000000000001
3.6 14
3.6 14.4
3.6 14.8
3.6 15.200000000000001
3.6 15.600000000000001
3.6 16
3.6 16.400000000000002
3.6 16.8
3.6 17.2
3.6 17.6
3.6 18
3.6 18.400000000000002
3.6 18.8
3.6 19.200000000000003
3.6 19.6
3.6 20
3.6 20.400000000000002
3.6 20.8
3.6 21.200000000000003
3.6 21.6
3.6 22
3.6 22.400000000000002
3.6 22.8
3.6 23.200000000000003
3.6 23.6
3.6 24
3.6 24.400000000000002
3.6 24.8
3.6 25.200000000000003
3.6 25.6
4 0
4 0.4
4 0.8
4 1.2000000000000002
4 1.6
4 2
4 2.4000000000000004
4 2.8000000000000003
4 3.2
4 3.6
4 4
4 4.4
4 4.800000000000001
4 5.2
4 5.6000000000000005
4 6
4 6.4
4 6.800000000000001
4 7.2
4 7.6000000000000005
4 8
4 8.4
4 8.8
4 9.200000000000001
4 9.600000000000001
4 10
4 10.4
4 10.8
4 11.200000000000001
4 11.600000000000001
4 12
4 12.4
4 12.8
4 13.200000000000001
4 13.600000000000001
4 14
4 14.4
4 14.8
4 15.200000000000001
4 15.600000000000001
4 16
4 16.400000000000002
4 16.8
4 17.2
4 17.6
4 18
4 18.400000000000002
4 18.8
4 19.200000000000003
4 19.6
4 20
4 20.400000000000002
4 20.8
4 21.200000000000003
4 21.6
4 22
4 22.400000000000002
4 22.8
4 23.200000000000003
4 23.6
4 24
4 24.400000000000002
4 24.8
4 25.200000000000003
4 25.6
4.4 0
4.4 0.4
4.4 0.8
4.4 1.2000000000000002
4.4 1.6
4.4 2
4.4 2.4000000000000004
4.4 2.8000000000000003
4.4 3.2
4.4 3.6
4.4 4
4.4 4.4
4.4 4.800000000000001
4.4 5.2
4.4 5.6000000000000005
4.4 6
4.4 6.4
4.4 6.800000000000001
4.4 7.2
4.4 7.6000000000000005
4.4 8
4.4 8.4
4.4 8.8
4.4 9.200000000000001
4.4 9.600000000000001
4.4 10
4.4 10.4
4.4 10.8
4.4 11.200000000000001
4.4 11.600000000000001
4.4 12
4.4 12.4
4.4 12.8
4.4 13.200000000000001
4.4 13.600000000000001
4.4 14
4.4 14.4
4.4 14.8
4.4 15.200000000000001
4.4 15.600000000000001
4.4 16
4.4 16.400000000000002
4.4 16.8
4.4 17.2
4.4 17.6
4.4 18
4.4 18.400000000000002
4.4 18.8
4.4 19.200000000000003
4.4 19.6
4.4 20
4.4 20.400000000000002
4.4 20.8
4.4 21.200000000000003
4.4 21.6
4.4 22
4.4 22.400000000000002
4.4 22.8
4.4 23.200000000000003
4.4 23.6
4.4 24
4.4 24.400000000000002
4.4 24.8
4.4 25.200000000000003
4.4 25.6
4.800000000000001 0
4.800000000000001 0.4
4.800000000000001 0.8
4.800000000000001 1.2000000000000002
4.800000000000001 1.6
4.800000000000001 2
4.800000000000001 2.4000000000000004
4.800000000000001 2.8000000000000003
4.800000000000001 3.2
4.800000000000001 3.6
4.800000000000001 4
4.800000000000001 4.4
4.800000000000001 4.800000000000001
4.800000000000001 5.2
4.800000000000001 5.6000000000000005
4.800000000000001 6
4.800000000000001 6.4
4.800000000000001 6.800000000000001
4.800000000000001 7.2
4.800000000000001 7.6000000000000005
4.800000000000001 8
4.800000000000001 8.4
4.800000000000001 8.8
4.800000000000001 9.200000000000001
4.800000000000001 9.600000000000001
4.800000000000001 10
4.800000000000001 10.4
4.800000000000001 10.8
4.800000000000001 11.200000000000001
4.800000000000001 11.600000000000001
4.800000000000001 12
4.800000000000001 12.4
4.800000000000001 12.8
4.800000000000001 13.200000000000001
4.800000000000001 13.600000000000001
4.800000000000001 14
4.800000000000001 14.4
4.800000000000001 14.8
4.800000000000001 15.200000000000001
4.800000000000001 15.600000000000001
4.800000000000001 16
4.800000000000001 16.400000000000002
4.800000000000001 16.8
4.800000000000001 17.2
4.800000000000001 17.6
4.800000000000001 18
4.800000000000001 18.400000000000002
4.800000000000001 18.8
4.800000000000001 19.200000000000003
4.800000000000001 19.6
4.800000000000001 20
4.800000000000001 20.400000000000002
4.800000000000001 20.8
4.800000000000001 21.200000000000003
4.800000000000001 21.6
4.800000000000001 22
4.800000000000001 22.400000000000002
4.800000000000001 22.8
4.800000000000001 23.200000000000003
4.800000000000001 23.6
4.800000000000001 24
4.800000000000001 24.400000000000002
4.800000000000001 24.8
4.800000000000001 25.200000000000003
4.800000000000001 25.6
5.2 0
5.2 0.4
5.2 0.8
5.2 1.2000000000000002
5.2 1.6
5.2 2
5.2 2.4000000000000004
5.2 2.8000000000000003
5.2 3.2
5.2 3.6
5.2 4
5.2 4.4
5.2 4.800000000000001
5.2 5.2
5.2 5.6000000000000005
5.2 6
5.2 6.4
5.2 6.800000000000001
5.2 7.2
5.2 7.6000000000000005
5.2 8
5.2 8.4
5.2 8.8
5.2 9.200000000000001
5.2 9.600000000000001
5.2 10
5.2 10.4
5.2 10.8
5.2 11.200000000000001
5.2 11.600000000000001
5.2 12
5.2 12.4
5.2 12.8
5.2 13.200000000000001
5.2 13.600000000000001
5.2 14
5.2 14.4
5.2 14.8
5.2 15.200000000000001
5.2 15.600000000000001
5.2 16
5.2 16.400000000000002
5.2 16.8
5.2 17.2
5.2 17.6
5.2 18
5.2 18.400000000000002
5.2 18.8
5.2 19.200000000000003
5.2 19.6
5.2 20
5.2 20.400000000000002
5.2 20.8
5.2 21.200000000000003
5.2 21.6
5.2 22
5.2 22.400000000000002
5.2 22.8
5.2 23.200000000000003
5.2 23.6
5.2 24
5.2 24.400000000000002
5.2 24.8
5.2 25.200000000000003
5.2 25.6
5.6000000000000005 0
5.6000000000000005 0.4
5.6000000000000005 0.8
5.6000000000000005 1.2000000000000002
5.6000000000000005 1.6
5.6000000000000005 2
5.6000000000000005 2.4000000000000004
5.6000000000000005 2.8000000000000003
5.6000000000000005 3.2
5.6000000000000005 3.6
5.6000000000000005 4
5.6000000000000005 4.4
5.6000000000000005 4.800000000000001
5.6000000000000005 5.2
5.6000000000000005 5.6000000000000005
5.6000000000000005 6
5.6000000000000005 6.4
5.6000000000000005 6.800000000000001
5.6000000000000005 7.2
5.6000000000000005 7.6000000000000005
5.6000000000000005 8
5.6000000000000005 8.4
5.6000000000000005 8.8
5.6000000000000005 9.200000000000001
5.6000000000000005 9.600000000000001
5.6000000000000005 10
5.6000000000000005 10.4
5.6000000000000005 10.8
5.6000000000000005 11.200000000000001
5.6000000000000005 11.600000000000001
5.6000000000000005 12
5.6000000000000005 12.4
5.6000000000000005 12.8
5.6000000000000005 13.200000000000001
5.6000000000000005 13.600000000000001
5.6000000000000005 14
5.6000000000000005 14.4
5.6000000000000005 14.8
5.6000000000000005 15.200000000000001
5.6000000000000005 15.600000000000001
5.6000000000000005 16
5.6000000000000005 16.400000000000002
5.6000000000000005 16.8
5.6000000000000005 17.2
5.6000000000000005 17.6
5.6000000000000005 18
5.6000000000000005 18.400000000000002
5.6000000000000005 18.8
5.6000000000000005 19.200000000000003
5.6000000000000005 19.6
5.6000000000000005 20
5.6000000000000005 20.400000000000002
5.6000000000000005 20.8
5.6000000000000005 21.200000000000003
5.6000000000000005 21.6
5.6000000000000005 22
5.6000000000000005 22.400000000000002
5.6000000000000005 22.8
5.6000000000000005 23.200000000000003
5.6000000000000005 23.6
5.6000000000000005 24
5.6000000000000005 24.400000000000002
5.6000000000000005 24.8
5.6000000000000005 25.200000000000003
5.6000000000000005 25.6
6 0
6 0.4
6 0.8
6 1.2000000000000002
6 1.6
6 2
6 2.4000000000000004
6 2.8000000000000003
6 3.2
6 3.6
6 4
6 4.4
6 4.800000000000001
6 5.2
6 5.6000000000000005
6 6
6 6.4
6 6.800000000000001
6 7.2
6 7.6000000000000005
6 8
6 8.4
6 8.8
6 9.200000000000001
6 9.600000000000001
6 10
6 10.4
6 10.8
6 11.200000000000001
6 11.600000000000001
6 12
6 12.4
6 12.8
6 13.200000000000001
6 13.600000000000001
6 14
6 14.4
6 14.8
6 15.200000000000001
6 15.600000000000001
6 16
6 16.400000000000002
6 16.8
6 17.2
6 17.6
6 18
6 18.400000000000002
6 18.8
6 19.200000000000003
6 19.6
6 20
6 20.400000000000002
6 20.8
6 21.200000000000003
6 21.6
6 22
6 22.400000000000002
6 22.8
6 23.200000000000003
6 23.6
6 24
6 24.400000000000002
6 24.8
6 25.200000000000003
6 25.6
6.4 0
6.4 0.4
6.4 0.8
6.4 1.2000000000000002
6.4 1.6
6.4 2
6.4 2.4000000000000004
6.4 2.8000000000000003
6.4 3.2
6.4 3.6
6.4 4
6.4 4.4
6.4 4.800000000000001
6.4 5.2
6.4 5.6000000000000005
6.4 6
6.4 6.4
6.4 6.800000000000001
6.4 7.2
6.4 7.6000000000000005
6.4 8
6.4 8.4
6.4 8.8
6.4 9.200000000000001
6.4 9.600000000000001
6.4 10
6.4 10.4
6.4 10.8
6.4 11.200000000000001
6.4 11.600000000000001
6.4 12
6.4 12.4
6.4 12.8
6.4 13.200000000000001
6.4 13.600000000000001
6.4 14
6.4 14.4
6.4 14.8
6.4 15.200000000000001
6.4 15.600000000000001
6.4 16
6.4 16.400000000000002
6.4 16.8
6.4 17.2
6.4 17.6
6.4 18
6.4 18.400000000000002
6.4 18.8
6.4 19.200000000000003
6.4 19.6
6.4 20
6.4 20.400000000000002
6.4 20.8
6.4 21.200000000000003
6.4 21.6
6.4 22
6.4 22.400000000000002
6.4 22.8
6.4 23.200000000000003
6.4 23.6
6.4 24
6.4 24.400000000000002
6.4 24.8
6.4 25.200000000000003
6.4 25.6
6.800000000000001 0
6.800000000000001 0.4
6.800000000000001 0.8
6.800000000000001 1.2000000000000002
6.800000000000001 1.6
6.800000000000001 2
6.800000000000001 2.4000000000000004
6.800000000000001 2.8000000000000003
6.800000000000001 3.2
6.800000000000001 3.6
6.800000000000001 4
6.800000000000001 4.4
6.800000000000001 4.800000000000001
6.800000000000001 5.2
6.800000000000001 5.6000000000000005
6.800000000000001 6
6.800000000000001 6.4
6.800000000000001 6.800000000000001
6.800000000000001 7.2
6.800000000000001 7.6000000000000005
6.800000000000001 8
6.800000000000001 8.4
6.800000000000001 8.8
6.800000000000001 9.200000000000001
6.800000000000001 9.600000000000001
6.800000000000001 10
6.800000000000001 10.4
6.800000000000001 10.8
6.800000000000001 11.200000000000001
6.800000000000001 11.600000000000001
6.800000000000001 12
6.800000000000001 12.4
6.800000000000001 12.8
6.800000000000001 13.200000000000001
6.800000000000001 13.600000000000001
6.800000000000001 14
6.800000000000001 14.4
6.800000000000001 14.8
6.800000000000001 15.200000000000001
6.800000000000001 15.600000000000001
6.800000000000001 16
6.800000000000001 16.400000000000002
6.800000000000001 16.8
6.800000000000001 17.2
6.800000000000001 17.6
6.800000000000001 18
6.800000000000001 18.400000000000002
6.800000000000001 18.8
6.800000000000001 19.200000000000003
6.800000000000001 19.6
6.800000000000001 20
6.800000000000001 20.400000000000002
6.800000000000001 20.8
6.800000000000001 21.200000000000003
6.800000000000001 21.6
6.800000000000001 22
6.800000000000001 22.400000000000002
6.800000000000001 22.8
6.800000000000001 23.200000000000003
6.800000000000001 23.6
6.800000000000001 24
6.800000000000001 24.400000000000002
6.800000000000001 24.8
6.800000000000001 25.200000000000003
6.800000000000001 25.6
7.2 0
7.2 0.4
7.2 0.8
7.2 1.2000000000000002
7.2 1.6
7.2 2
7.2 2.4000000000000004
7.2 2.8000000000000003
7.2 3.2
7.2 3.6
7.2 4
7.2 4.4
7.2 4.800000000000001
7.2 5.2
7.2 5.6000000000000005
7.2 6
7.2 6.4
7.2 6.800000000000001
7.2 7.2
7.2 7.6000000000000005
7.2 8
7.2 8.4
7.2 8.8
7.2 9.200000000000001
7.2 9.600000000000001
7.2 10
7.2 10.4
7.2 10.8
7.2 11.200000000000001
7.2 11.600000000000001
7.2 12
7.2 12.4
7.2 12.8
7.2 13.200000000000001
7.2 13.600000000000001
7.2 14
7.2 14.4
7.2 14.8
7.2 15.200000000000001
7.2 15.600000000000001
7.2 16
7.2 16.400000000000002
7.2 16.8
7.2 17.2
7.2 17.6
7.2 18
7.2 18.400000000000002
7.2 18.8
7.2 19.200000000000003
7.2 19.6
7.2 20
7.2 20.400000000000002
7.2 20.8
7.2 21.200000000000003
7.2 21.6
7.2 22
7.2 22.400000000000002
7.2 22.8
7.2 23.200000000000003
7.2 23.6
7.2 24
7.2 24.400000000000002
7.2 24.8
7.2 25.200000000000003
7.2 25.6
7.6000000000000005 0
7.6000000000000005 0.4
7.6000000000000005 0.8
7.6000000000000005 1.2000000000000002
7.6000000000000005 1.6
7.6000000000000005 2
7.6000000000000005 2.4000000000000004
7.6000000000000005 2.8000000000000003
7.6000000000000005 3.2
7.6000000000000005 3.6
7.6000000000000005 4
7.6000000000000005 4.4
7.6000000000000005 4.800000000000001
7.6000000000000005 5.2
7.6000000000000005 5.6000000000000005
7.6000000000000005 6
7.6000000000000005 6.4
7.6000000000000005 6.800000000000001
7.6000000000000005 7.2
7.6000000000000005 7.6000000000000005
7.6000000000000005 8
7.6000000000000005 8.4
7.6000000000000005 8.8
7.6000000000000005 9.200000000000001
7.6000000000000005 9.600000000000001
7.6000000000000005 10
7.6000000000000005 10.4
7.6000000000000005 10.8
7.6000000000000005 11.200000000000001
7.6000000000000005 11.600000000000001
7.6000000000000005 12
7.6000000000000005 12.4
7.6000000000000005 12.8
7.6000000000000005 13.200000000000001
7.6000000000000005 13.600000000000001
7.6000000000000005 14
7.6000000000000005 14.4
7.6000000000000005 14.8
7.6000000000000005 15.200000000000001
7.6000000000000005 15.600000000000001
7.6000000000000005 16
7.6000000000000005 16.400000000000002
7.6000000000000005 16.8
7.6000000000000005 17.2
7.6000000000000005 17.6
7.6000000000000005 18
7.6000000000000005 18.400000000000002
7.6000000000000005 18.8
7.6000000000000005 19.200000000000003
7.6000000000000005 19.6
7.6000000000000005 20
7.6000000000000005 20.400000000000002
7.6000000000000005 20.8
7.6000000000000005 21.200000000000003
7.6000000000000005 21.6
7.6000000000000005 22
7.6000000000000005 22.400000000000002
7.6000000000000005 22.8
7.6000000000000005 23.200000000000003
7.6000000000000005 23.6
7.6000000000000005 24
7.6000000000000005 24.400000000000002
7.6000000000000005 24.8
7.6000000000000005 25.200000000000003
7.6000000000000005 25.6
8 0
8 0.4
8 0.8
8 1.2000000000000002
8 1.6
8 2
8 2.4000000000000004
8 2.8000000000000003
8 3.2
8 3.6
8 4
8 4.4
8 4.800000000000001
8 5.2
8 5.6000000000000005
8 6
8 6.4
8 6.800000000000001
8 7.2
8 7.6000000000000005
8 8
8 8.4
8 8.8
8 9.200000000000001
8 9.600000000000001
8 10
8 10.4
8 10.8
8 11.200000000000001
8 11.600000000000001
8 12
8 12.4
8 12.8
8 13.200000000000001
8 13.600000000000001
8 14
8 14.4
8 14.8
8 15.200000000000001
8 15.600000000000001
8 16
8 16.400000000000002
8 16.8
8 17.2
8 17.6
8 18
8 18.400000000000002
8 18.8
8 19.200000000000003
8 19.6
8 20
8 20.400000000000002
8 20.8
8 21.200000000000003
8 21.6
8 22
8 22.400000000000002
8 22.8
8 23.200000000000003
8 23.6
8 24
8 24.400000000000002
8 24.8
8 25.200000000000003
8 25.6
8.4 0
8.4 0.4
8.4 0.8
8.4 1.2000000000000002
8.4 1.6
8.4 2
8.4 2.4000000000000004
8.4 2.8000000000000003
8.4 3.2
8.4 3.6
8.4 4
8.4 4.4
8.4 4.800000000000001
8.4 5.2
8.4 5.6000000000000005
8.4 6
8.4 6.4
8.4 6.800000000000001
8.4 7.2
8.4 7.6000000000000005
8.4 8
8.4 8.4
8.4 8.8
8.4 9.200000000000001
8.4 9.600000000000001
8.4 10
8.4 10.4
8.4 10.8
8.4 11.200000000000001
8.4 11.600000000000001
8.4 12
8.4 12.4
8.4 12.8
8.4 13.200000000000001
8.4 13.600000000000001
8.4 14
8.4 14.4
8.4 14.8
8.4 15.200000000000001
8.4 15.600000000000001
8.4 16
8.4 16.400000000000002
8.4 16.8
8.4 17.2
8.4 17.6
8.4 18
8.4 18.400000000000002
8.4 18.8
8.4 19.200000000000003
8.4 19.6
8.4 20
8.4 20.400000000000002
8.4 20.8
8.4 21.200000000000003
8.4 21.6
8.4 22
8.4 22.400000000000002
8.4 22.8
8.4 23.200000000000003
8.4 23.6
8.4 24
8.4 24.400000000000002
8.4 24.8
8.4 25.200000000000003
8.4 25.6
8.8 0
8.8 0.4
8.8 0.8
8.8 1.2000000000000002
8.8 1.6
8.8 2
8.8 2.4000000000000004
8.8 2.8000000000000003
8.8 3.2
8.8 3.6
8.8 4
8.8 4.4
8.8 4.800000000000001
8.8 5.2
8.8 5.6000000000000005
8.8 6
8.8 6.4
8.8 6.800000000000001
8.8 7.2
8.8 7.6000000000000005
8.8 8
8.8 8.4
8.8 8.8
8.8 9.200000000000001
8.8 9.600000000000001
8.8 10
8.8 10.4
8.8 10.8
8.8 11.200000000000001
8.8 11.600000000000001
8.8 12
8.8 12.4
8.8 12.8
8.8 13.200000000000001
8.8 13.600000000000001
8.8 14
8.8 14.4
8.8 14.8
8.8 15.200000000000001
8.8 15.600000000000001
8.8 16
8.8 16.400000000000002
8.8 16.8
8.8 17.2
8.8 17.6
8.8 18
8.8 18.400000000000002
8.8 18.8
8.8 19.200000000000003
8.8 19.6
8.8 20
8.8 20.400000000000002
8.8 20.8
8.8 21.200000000000003
8.8 21.6
8.8 22
8.8 22.400000000000002
8.8 22.8
8.8 23.200000000000003
8.8 23.6
8.8 24
8.8 24.400000000000002
8.8 24.8
8.8 25.200000000000003
8.8 25.6
9.200000000000001 0
9.200000000000001 0.4
9.200000000000001 0.8
9.200000000000001 1.2000000000000002
9.200000000000001 1.6
9.200000000000001 2
9.200000000000001 2.4000000000000004
9.200000000000001 2.8000000000000003
9.200000000000001 3.2
9.200000000000001 3.6
9.200000000000001 4
9.200000000000001 4.4
9.200000000000001 4.800000000000001
9.200000000000001 5.2
9.200000000000001 5.6000000000000005
9.200000000000001 6
9.200000000000001 6.4
9.200000000000001 6.800000000000001
9.200000000000001 7.2
9.200000000000001 7.6000000000000005
9.200000000000001 8
9.200000000000001 8.4
9.200000000000001 8.8
9.200000000000001 9.200000000000001
9.200000000000001 9.600000000000001
9.200000000000001 10
9.200000000000001 10.4
9.200000000000001 10.8
9.200000000000001 11.200000000000001
9.200000000000001 11.600000000000001
9.200000000000001 12
9.200000000000001 12.4
9.200000000000001 12.8
9.200000000000001 13.200000000000001
9.200000000000001 13.600000000000001
9.200000000000001 14
9.200000000000001 14.4
9.200000000000001 14.8
9.200000000000001 15.200000000000001
9.200000000000001 15.600000000000001
9.200000000000001 16
9.200000000000001 16.400000000000002
9.200000000000001 16.8
9.200000000000001 17.2
9.200000000000001 17.6
9.200000000000001 18
9.200000000000001 18.400000000000002
9.200000000000001 18.8
9.200000000000001 19.200000000000003
9.200000000000001 19.6
9.200000000000001 20
9.200000000000001 20.400000000000002
9.200000000000001 20.8
9.200000000000001 21.200000000000003
9.200000000000001 21.6
9.200000000000001 22
9.200000000000001 22.400000000000002
9.200000000000001 22.8
9.200000000000001 23.200000000000003
9.200000000000001 23.6
9.200000000000001 24
9.200000000000001 24.400000000000002
9.200000000000001 24.8
9.200000000000001 25.200000000000003
9.200000000000001 25.6
9.600000000000001 0
9.600000000000001 0.4
9.600000000000001 0.8
9.600000000000001 1.2000000000000002
9.600000000000001 1.6
9.600000000000001 2
9.600000000000001 2.4000000000000004
9.600000000000001 2.8000000000000003
9.600000000000001 3.2
9.600000000000001 3.6
9.600000000000001 4
9.600000000000001 4.4
9.600000000000001 4.800000000000001
9.600000000000001 5.2
9.600000000000001 5.6000000000000005
9.600000000000001 6
9.600000000000001 6.4
9.600000000000001 6.800000000000001
9.600000000000001 7.2
9.600000000000001 7.6000000000000005
9.600000000000001 8
9.600000000000001 8.4
9.600000000000001 8.8
9.600000000000001 9.200000000000001
9.600000000000001 9.600000000000001
9.600000000000001 10
9.600000000000001 10.4
9.600000000000001 10.8
9.600000000000001 11.200000000000001
9.600000000000001 11.600000000000001
9.600000000000001 12
9.600000000000001 12.4
9.600000000000001 12.8
9.600000000000001 13.200000000000001
9.600000000000001 13.600000000000001
9.600000000000001 14
9.600000000000001 14.4
9.600000000000001 14.8
9.600000000000001 15.200000000000001
9.600000000000001 15.600000000000001
9.600000000000001 16
9.600000000000001 16.400000000000002
9.600000000000001 16.8
9.600000000000001 17.2
9.600000000000001 17.6
9.600000000000001 18
9.600000000000001 18.400000000000002
9.600000000000001 18.8
9.600000000000001 19.200000000000003
9.600000000000001 19.6
9.600000000000001 20
9.600000000000001 20.400000000000002
9.600000000000001 20.8
9.600000000000001 21.200000000000003
9.600000000000001 21.6
9.600000000000001 22
9.600000000000001 22.400000000000002
9.600000000000001 22.8
9.600000000000001 23.200000000000003
9.600000000000001 23.6
9.600000000000001 24
9.600000000000001 24.400000000000002
9.600000000000001 24.8
9.600000000000001 25.200000000000003
9.600000000000001 25.6
10 0
10 0.4
10 0.8
10 1.2000000000000002
10 1.6
10 2
10 2.4000000000000004
10 2.8000000000000003
10 3.2
10 3.6
10 4
10 4.4
10 4.800000000000001
10 5.2
10 5.6000000000000005
10 6
10 6.4
10 6.800000000000001
10 7.2
10 7.6000000000000005
10 8
10 8.4
10 8.8
10 9.200000000000001
10 9.600000000000001
10 10
10 10.4
10 10.8
10 11.200000000000001
10 11.600000000000001
10 12
10 12.4
10 12.8
10 13.200000000000001
10 13.600000000000001
10 14
10 14.4
10 14.8
10 15.200000000000001
10 15.600000000000001
10 16
10 16.400000000000002
10 16.8
10 17.2
10 17.6
10 18
10 18.400000000000002
10 18.8
10 19.200000000000003
10 19.6
10 20
10 20.400000000000002
10 20.8
10 21.200000000000003
10 21.6
10 22
10 22.400000000000002
10 22.8
10 23.200000000000003
10 23.6
10 24
10 24.400000000000002
10 24.8
10 25.200000000000003
10 25.6
10.4 0
10.4 0.4
10.4 0.8
10.4 1.2000000000000002
10.4 1.6
10.4 2
10.4 2.4000000000000004
10.4 2.8000000000000003
10.4 3.2
10.4 3.6
10.4 4
10.4 4.4
10.4 4.800000000000001
10.4 5.2
10.4 5.6000000000000005
10.4 6
10.4 6.4
10.4 6.800000000000001
10.4 7.2
10.4 7.6000000000000005
10.4 8
10.4 8.4
10.4 8.8
10.4 9.200000000000001
10.4 9.600000000000001
10.4 10
10.4 10.4
10.4 10.8
10.4 11.200000000000001
10.4 11.600000000000001
10.4 12
10.4 12.4
10.4 12.8
10.4 13.200000000000001
10.4 13.600000000000001
10.4 14
10.4 14.4
10.4 14.8
10.4 15.200000000000001
10.4 15.600000000000001
10.4 16
10.4 16.400000000000002
10.4 16.8
10.4 17.2
10.4 17.6
10.4 18
10.4 18.400000000000002
10.4 18.8
10.4 19.200000000000003
10.4 19.6
10.4 20
10.4 20.400000000000002
10.4 20.8
10.4 21.200000000000003
10.4 21.6
10.4 22
10.4 22.400000000000002
10.4 22.8
10.4 23.200000000000003
10.4 23.6
10.4 24
10.4 24.400000000000002
10.4 24.8
10.4 25.200000000000003
10.4 25.6
10.8 0
10.8 0.4
10.8 0.8
10.8 1.2000000000000002
10.8 1.6
10.8 2
10.8 2.4000000000000004
10.8 2.8000000000000003
10.8 3.2
10.8 3.6
10.8 4
10.8 4.4
10.8 4.800000000000001
10.8 5.2
10.8 5.6000000000000005
10.8 6
10.8 6.4
10.8 6.800000000000001
10.8 7.2
10.8 7.6000000000000005
10.8 8
10.8 8.4
10.8 8.8
10.8 9.200000000000001
10.8 9.600000000000001
10.8 10
10.8 10.4
10.8 10.8
10.8 11.200000000000001
10.8 11.600000000000001
10.8 12
10.8 12.4
10.8 12.8
10.8 13.200000000000001
10.8 13.600000000000001
10.8 14
10.8 14.4
10.8 14.8
10.8 15.200000000000001
10.8 15.600000000000001
10.8 16
10.8 16.400000000000002
10.8 16.8
10.8 17.2
10.8 17.6
10.8 18
10.8 18.400000000000002
10.8 18.8
10.8 19.200000000000003
10.8 19.6
10.8 20
10.8 20.400000000000002
10.8 20.8
10.8 21.200000000000003
10.8 21.6
10.8 22
10.8 22.400000000000002
10.8 22.8
10.8 23.200000000000003
10.8 23.6
10.8 24
10.8 24.400000000000002
10.8 24.8
10.8 25.200000000000003
10.8 25.6
11.200000000000001 0
11.200000000000001 0.4
11.200000000000001 0.8
11.200000000000001 1.2000000000000002
11.200000000000001 1.6
11.200000000000001 2
11.200000000000001 2.4000000000000004
11.200000000000001 2.8000000000000003
11.200000000000001 3.2
11.200000000000001 3.6
11.200000000000001 4
11.200000000000001 4.4
11.200000000000001 4.800000000000001
11.200000000000001 5.2
11.200000000000001 5.6000000000000005
11.200000000000001 6
11.200000000000001 6.4
11.200000000000001 6.800000000000001
11.200000000000001 7.2
11.200000000000001 7.6000000000000005
11.200000000000001 8
11.200000000000001 8.4
11.200000000000001 8.8
11.200000000000001 9.200000000000001
11.200000000000001 9.600000000000001
11.200000000000001 10
11.200000000000001 10.4
11.200000000000001 10.8
11.200000000000001 11.200000000000001
11.200000000000001 11.600000000000001
11.200000000000001 12
11.200000000000001 12.4
11.200000000000001 12.8
11.200000000000001 13.200000000000001
11.200000000000001 13.600000000000001
11.200000000000001 14
11.200000000000001 14.4
11.200000000000001 14.8
11.200000000000001 15.200000000000001
11.200000000000001 15.600000000000001
11.200000000000001 16
11.200000000000001 16.400000000000002
11.200000000000001 16.8
11.200000000000001 17.2
11.200000000000001 17.6
11.200000000000001 18
11.200000000000001 18.400000000000002
11.200000000000001 18.8
11.200000000000001 19.200000000000003
11.200000000000001 19.6
11.200000000000001 20
11.200000000000001 20.400000000000002
11.200000000000001 20.8
11.200000000000001 21.200000000000003
11.200000000000001 21.6
11.200000000000001 22
11.200000000000001 22.400000000000002
11.200000000000001 22.8
11.200000000000001 23.200000000000003
11.200000000000001 23.6
11.200000000000001 24
11.200000000000001 24.400000000000002
11.200000000000001 24.8
11.200000000000001 25.200000000000003
11.200000000000001 25.6
11.600000000000001 0
11.600000000000001 0.4
11.600000000000001 0.8
11.600000000000001 1.2000000000000002
11.600000000000001 1.6
11.600000000000001 2
11.600000000000001 2.4000000000000004
11.600000000000001 2.8000000000000003
11.600000000000001 3.2
11.600000000000001 3.6
11.600000000000001 4
11.600000000000001 4.4
11.600000000000001 4.800000000000001
11.600000000000001 5.2
11.600000000000001 5.6000000000000005
11.600000000000001 6
11.600000000000001 6.4
11.600000000000001 6.800000000000001
11.600000000000001 7.2
11.600000000000001 7.6000000000000005
11.600000000000001 8
11.600000000000001 8.4
11.600000000000001 8.8
11.600000000000001 9.200000000000001
11.600000000000001 9.600000000000001
11.600000000000001 10
11.600000000000001 10.4
11.600000000000001 10.8
11.600000000000001 11.200000000000001
11.600000000000001 11.600000000000001
11.600000000000001 12
11.600000000000001 12.4
11.600000000000001 12.8
11.600000000000001 13.200000000000001
11.600000000000001 13.600000000000001
11.600000000000001 14
11.600000000000001 14.4
11.600000000000001 14.8
11.600000000000001 15.200000000000001
11.600000000000001 15.600000000000001
11.600000000000001 16
11.600000000000001 16.400000000000002
11.600000000000001 16.8
11.600000000000001 17.2
11.600000000000001 17.6
11.600000000000001 18
11.600000000000001 18.400000000000002
11.600000000000001 18.8
11.600000000000001 19.200000000000003
11.600000000000001 19.6
11.600000000000001 20
11.600000000000001 20.400000000000002
11.600000000000001 20.8
11.600000000000001 21.200000000000003
11.600000000000001 21.6
11.600000000000001 22
11.600000000000001 22.400000000000002
11.600000000000001 22.8
11.600000000000001 23.200000000000003
11.600000000000001 23.6
11.600000000000001 24
11.600000000000001 24.400000000000002
11.600000000000001 24.8
11.600000000000001 25.200000000000003
11.600000000000001 25.6
12 0
12 0.4
12 0.8
12 1.2000000000000002
12 1.6
12 2
12 2.4000000000000004
12 2.8000000000000003
12 3.2
12 3.6
12 4
12 4.4
12 4.800000000000001
12 5.2
12 5.6000000000000005
12 6
12 6.4
12 6.800000000000001
12 7.2
12 7.6000000000000005
12 8
12 8.4
12 8.8
12 9.200000000000001
12 9.600000000000001
12 10
12 10.4
12 10.8
12 11.200000000000001
12 11.600000000000001
12 12
12 12.4
12 12.8
12 13.200000000000001
12 13.600000000000001
12 14
12 14.4
12 14.8
12 15.200000000000001
12 15.600000000000001
12 16
12 16.400000000000002
12 16.8
12 17.2
12 17.6
12 18
12 18.400000000000002
12 18.8
12 19.200000000000003
12 19.6
12 20
12 20.400000000000002
12 20.8
12 21.200000000000003
12 21.6
12 22
12 22.400000000000002
12 22.8
12 23.200000000000003
12 23.6
12 24
12 24.400000000000002
12 24.8
12 25.200000000000003
12 25.6
12.4 0
12.4 0.4
12.4 0.8
12.4 1.2000000000000002
12.4 1.6
12.4 2
12.4 2.4000000000000004
12.4 2.8000000000000003
12.4 3.2
12.4 3.6
12.4 4
12.4 4.4
12.4 4.800000000000001
12.4 5.2
12.4 5.6000000000000005
12.4 6
12.4 6.4
12.4 6.800000000000001
12.4 7.2
12.4 7.6000000000000005
12.4 8
12.4 8.4
12.4 8.8
12.4 9.200000000000001
12.4 9.600000000000001
12.4 10
12.4 10.4
12.4 10.8
12.4 11.200000000000001
12.4 11.600000000000001
12.4 12
12.4 12.4
12.4 12.8
12.4 13.200000000000001
12.4 13.600000000000001
12.4 14
12.4 14.4
12.4 14.8
12.4 15.200000000000001
12.4 15.600000000000001
12.4 16
12.4 16.400000000000002
12.4 16.8
12.4 17.2
12.4 17.6
12.4 18
12.4 18.400000000000002
12.4 18.8
12.4 19.200000000000003
12.4 19.6
12.4 20
12.4 20.400000000000002
12.4 20.8
12.4 21.200000000000003
12.4 21.6
12.4 22
12.4 22.400000000000002
12.4 22.8
12.4 23.200000000000003
12.4 23.6
12.4 24
12.4 24.400000000000002
12.4 24.8
12.4 25.200000000000003
12.4 25.6
12.8 0
12.8 0.4
12.8 0.8
12.8 1.2000000000000002
12.8 1.6
12.8 2
12.8 2.4000000000000004
12.8 2.8000000000000003
12.8 3.2
12.8 3.6
12.8 4
12.8 4.4
12.8 4.800000000000001
12.8 5.2
12.8 5.6000000000000005
12.8 6
12.8 6.4
12.8 6.800000000000001
12.8 7.2
12.8 7.6000000000000005
12.8 8
12.8 8.4
12.8 8.8
12.8 9.200000000000001
12.8 9.600000000000001
12.8 10
12.8 10.4
12.8 10.8
12.8 11.200000000000001
12.8 11.600000000000001
12.8 12
12.8 12.4
12.8 12.8
12.8 13.200000000000001
12.8 13.600000000000001
12.8 14
12.8 14.4
12.8 14.8
12.8 15.200000000000001
12.8 15.600000000000001
12.8 16
12.8 16.400000000000002
12.8 16.8
12.8 17.2
12.8 17.6
12.8 18
12.8 18.400000000000002
12.8 18.8
12.8 19.200000000000003
12.8 19.6
12.8 20
12.8 20.400000000000002
12.8 20.8
12.8 21.200000000000003
12.8 21.6
12.8 22
12.8 22.400000000000002
12.8 22.8
12.8 23.200000000000003
12.8 23.6
12.8 24
12.8 24.400000000000002
12.8 24.8
12.8 25.200000000000003
12.8 25.6
13.200000000000001 0
13.200000000000001 0.4
13.200000000000001 0.8
13.200000000000001 1.2000000000000002
13.200000000000001 1.6
13.200000000000001 2
13.200000000000001 2.4000000000000004
13.200000000000001 2.8000000000000003
13.200000000000001 3.2
13.200000000000001 3.6
13.200000000000001 4
13.200000000000001 4.4
13.200000000000001 4.800000000000001
13.200000000000001 5.2
13.200000000000001 5.6000000000000005
13.200000000000001 6
13.200000000000001 6.4
13.200000000000001 6.800000000000001
13.200000000000001 7.2
13.200000000000001 7.6000000000000005
13.200000000000001 8
13.200000000000001 8.4
13.200000000000001 8.8
13.200000000000001 9.200000000000001
13.200000000000001 9.600000000000001
13.200000000000001 10
13.200000000000001 10.4
13.200000000000001 10.8
13.200000000000001 11.200000000000001
13.200000000000001 11.600000000000001
13.200000000000001 12
13.200000000000001 12.4
13.200000000000001 12.8
13.200000000000001 13.200000000000001
13.200000000000001 13.600000000000001
13.200000000000001 14
13.200000000000001 14.4
13.200000000000001 14.8
13.200000000000001 15.200000000000001
13.200000000000001 15.600000000000001
13.200000000000001 16
13.200000000000001 16.400000000000002
13.200000000000001 16.8
13.200000000000001 17.2
13.200000000000001 17.6
13.200000000000001 18
13.200000000000001 18.400000000000002
13.200000000000001 18.8
13.200000000000001 19.200000000000003
13.200000000000001 19.6
13.200000000000001 20
13.200000000000001 20.400000000000002
13.200000000000001 20.8
13.200000000000001 21.200000000000003
13.200000000000001 21.6
13.200000000000001 22
13.200000000000001 22.400000000000002
13.200000000000001 22.8
13.200000000000001 23.200000000000003
13.200000000000001 23.6
13.200000000000001 24
13.200000000000001 24.400000000000002
13.200000000000001 24.8
13.200000000000001 25.200000000000003
13.200000000000001 25.6
13.600000000000001 0
13.600000000000001 0.4
13.600000000000001 0.8
13.600000000000001 1.2000000000000002
13.600000000000001 1.6
13.600000000000001 2
13.600000000000001 2.4000000000000004
13.600000000000001 2.8000000000000003
13.600000000000001 3.2
13.600000000000001 3.6
13.600000000000001 4
13.600000000000001 4.4
13.600000000000001 4.800000000000001
13.600000000000001 5.2
13.600000000000001 5.6000000000000005
13.600000000000001 6
13.600000000000001 6.4
13.600000000000001 6.800000000000001
13.600000000000001 7.2
13.600000000000001 7.6000000000000005
13.600000000000001 8
13.600000000000001 8.4
13.600000000000001 8.8
13.600000000000001 9.200000000000001
13.600000000000001 9.600000000000001
13.600000000000001 10
13.600000000000001 10.4
13.600000000000001 10.8
13.600000000000001 11.200000000000001
13.600000000000001 11.600000000000001
13.600000000000001 12
13.600000000000001 12.4
13.600000000000001 12.8
13.600000000000001 13.200000000000001
13.600000000000001 13.600000000000001
13.600000000000001 14
13.600000000000001 14.4
13.600000000000001 14.8
13.600000000000001 15.200000000000001
13.600000000000001 15.600000000000001
13.600000000000001 16
13.600000000000001 16.400000000000002
13.600000000000001 16.8
13.600000000000001 17.2
13.600000000000001 17.6
13.600000000000001 18
13.600000000000001 18.400000000000002
13.600000000000001 18.8
13.600000000000001 19.200000000000003
13.600000000000001 19.6
13.600000000000001 20
13.600000000000001 20.400000000000002
13.600000000000001 20.8
13.600000000000001 21.200000000000003
13.600000000000001 21.6
13.600000000000001 22
13.600000000000001 22.400000000000002
13.600000000000001 22.8
13.600000000000001 23.200000000000003
13.600000000000001 23.6
13.600000000000001 24
13.600000000000001 24.400000000000002
13.600000000000001 24.8
13.600000000000001 25.200000000000003
13.600000000000001 25.6
14 0
14 0.4
14 0.8
14 1.2000000000000002
14 1.6
14 2
14 2.4000000000000004
14 2.8000000000000003
14 3.2
14 3.6
14 4
14 4.4
14 4.800000000000001
14 5.2
14 5.6000000000000005
14 6
14 6.4
14 6.800000000000001
14 7.2
14 7.6000000000000005
14 8
14 8.4
14 8.8
14 9.200000000000001
14 9.600000000000001
14 10
14 10.4
14 10.8
14 11.200000000000001
14 11.600000000000001
14 12
14 12.4
14 12.8
14 13.200000000000001
14 13.600000000000001
14 14
14 14.4
14 14.8
14 15.200000000000001
14 15.600000000000001
14 16
14 16.400000000000002
14 16.8
14 17.2
14 17.6
14 18
14 18.400000000000002
14 18.8
14 19.200000000000003
14 19.6
14 20
14 20.400000000000002
14 20.8
14 21.200000000000003
14 21.6
14 22
14 22.400000000000002
14 22.8
14 23.200000000000003
14 23.6
14 24
14 24.400000000000002
14 24.8
14 25.200000000000003
14 25.6
14.4 0
14.4 0.4
14.4 0.8
14.4 1.2000000000000002
14.4 1.6
14.4 2
14.4 2.4000000000000004
14.4 2.8000000000000003
14.4 3.2
14.4 3.6
14.4 4
14.4 4.4
14.4 4.800000000000001
14.4 5.2
14.4 5.6000000000000005
14.4 6
14.4 6.4
14.4 6.800000000000001
14.4 7.2
14.4 7.6000000000000005
14.4 8
14.4 8.4
14.4 8.8
14.4 9.200000000000001
14.4 9.600000000000001
14.4 10
14.4 10.4
14.4 10.8
14.4 11.200000000000001
14.4 11.600000000000001
14.4 12
14.4 12.4
14.4 12.8
14.4 13.200000000000001
14.4 13.600000000000001
14.4 14
14.4 14.4
14.4 14.8
14.4 15.200000000000001
14.4 15.600000000000001
14.4 16
14.4 16.400000000000002
14.4 16.8
14.4 17.2
14.4 17.6
14.4 18
14.4 18.400000000000002
14.4 18.8
14.4 19.200000000000003
14.4 19.6
14.4 20
14.4 20.400000000000002
14.4 20.8
14.4 21.200000000000003
14.4 21.6
14.4 22
14.4 22.400000000000002
14.4 22.8
14.4 23.200000000000003
14.4 23.6
14.4 24
14.4 24.400000000000002
14.4 24.8
14.4 25.200000000000003
14.4 25.6
14.8 0
14.8 0.4
14.8 0.8
14.8 1.2000000000000002
14.8 1.6
14.8 2
14.8 2.4000000000000004
14.8 2.8000000000000003
14.8 3.2
14.8 3.6
14.8 4
14.8 4.4
14.8 4.800000000000001
14.8 5.2
14.8 5.6000000000000005
14.8 6
14.8 6.4
14.8 6.800000000000001
14.8 7.2
14.8 7.6000000000000005
14.8 8
14.8 8.4
14.8 8.8
14.8 9.200000000000001
14.8 9.600000000000001
14.8 10
14.8 10.4
14.8 10.8
14.8 11.200000000000001
14.8 11.600000000000001
14.8 12
14.8 12.4
14.8 12.8
14.8 13.200000000000001
14.8 13.600000000000001
14.8 14
14.8 14.4
14.8 14.8
14.8 15.200000000000001
14.8 15.600000000000001
14.8 16
14.8 16.400000000000002
14.8 16.8
14.8 17.2
14.8 17.6
14.8 18
14.8 18.400000000000002
14.8 18.8
14.8 19.200000000000003
14.8 19.6
14.8 20
14.8 20.400000000000002
14.8 20.8
14.8 21.200000000000003
14.8 21.6
14.8 22
14.8 22.400000000000002
14.8 22.8
14.8 23.200000000000003
14.8 23.6
14.8 24
14.8 24.400000000000002
14.8 24.8
14.8 25.200000000000003
14.8 25.6
15.200000000000001 0
15.200000000000001 0.4
15.200000000000001 0.8
15.200000000000001 1.2000000000000002
15.200000000000001 1.6
15.200000000000001 2
15.200000000000001 2.4000000000000004
15.200000000000001 2.8000000000000003
15.200000000000001 3.2
15.200000000000001 3.6
15.200000000000001 4
15.200000000000001 4.4
15.200000000000001 4.800000000000001
15.200000000000001 5.2
15.200000000000001 5.6000000000000005
15.200000000000001 6
15.200000000000001 6.4
15.200000000000001 6.800000000000001
15.200000000000001 7.2
15.200000000000001 7.6000000000000005
15.200000000000001 8
15.200000000000001 8.4
15.200000000000001 8.8
15.200000000000001 9.200000000000001
15.200000000000001 9.600000000000001
15.200000000000001 10
15.200000000000001 10.4
15.200000000000001 10.8
15.200000000000001 11.200000000000001
15.200000000000001 11.600000000000001
15.200000000000001 12
15.200000000000001 12.4
15.200000000000001 12.8
15.200000000000001 13.200000000000001
15.200000000000001 13.600000000000001
15.200000000000001 14
15.200000000000001 14.4
15.200000000000001 14.8
15.200000000000001 15.200000000000001
15.200000000000001 15.600000000000001
15.200000000000001 16
15.200000000000001 16.400000000000002
15.200000000000001 16.8
15.200000000000001 17.2
15.200000000000001 17.6
15.200000000000001 18
15.200000000000001 18.400000000000002
15.200000000000001 18.8
15.200000000000001 19.200000000000003
15.200000000000001 19.6
15.200000000000001 20
15.200000000000001 20.400000000000002
15.200000000000001 20.8
15.200000000000001 21.200000000000003
15.200000000000001 21.6
15.200000000000001 22
15.200000000000001 22.400000000000002
15.200000000000001 22.8
15.200000000000001 23.200000000000003
15.200000000000001 23.6
15.200000000000001 24
15.200000000000001 24.400000000000002
15.200000000000001 24.8
15.200000000000001 25.200000000000003
15.200000000000001 25.6
15.600000000000001 0
15.600000000000001 0.4
15.600000000000001 0.8
15.600000000000001 1.2000000000000002
15.600000000000001 1.6
15.600000000000001 2
15.600000000000001 2.4000000000000004
15.600000000000001 2.8000000000000003
15.600000000000001 3.2
15.600000000000001 3.6
15.600000000000001 4
15.600000000000001 4.4
15.600000000000001 4.800000000000001
15.600000000000001 5.2
15.600000000000001 5.6000000000000005
15.600000000000001 6
15.600000000000001 6.4
15.600000000000001 6.800000000000001
15.600000000000001 7.2
15.600000000000001 7.6000000000000005
15.600000000000001 8
15.600000000000001 8.4
15.600000000000001 8.8
15.600000000000001 9.200000000000001
15.600000000000001 9.600000000000001
15.600000000000001 10
15.600000000000001 10.4
15.600000000000001 10.8
15.600000000000001 11.200000000000001
15.600000000000001 11.600000000000001
15.600000000000001 12
15.600000000000001 12.4
15.600000000000001 12.8
15.600000000000001 13.200000000000001
15.600000000000001 13.600000000000001
15.600000000000001 14
15.600000000000001 14.4
15.600000000000001 14.8
15.600000000000001 15.200000000000001
15.600000000000001 15.600000000000001
15.600000000000001 16
15.600000000000001 16.400000000000002
15.600000000000001 16.8
15.600000000000001 17.2
15.600000000000001 17.6
15.600000000000001 18
15.600000000000001 18.400000000000002
15.600000000000001 18.8
15.600000000000001 19.200000000000003
15.600000000000001 19.6
15.600000000000001 20
15.600000000000001 20.400000000000002
15.600000000000001 20.8
15.600000000000001 21.200000000000003
15.600000000000001 21.6
15.600000000000001 22
15.600000000000001 22.400000000000002
15.600000000000001 22.8
15.600000000000001 23.200000000000003
15.600000000000001 23.6
15.600000000000001 24
15.600000000000001 24.400000000000002
15.600000000000001 24.8
15.600000000000001 25.200000000000003
15.600000000000001 25.6
16 0
16 0.4
16 0.8
16 1.2000000000000002
16 1.6
16 2
16 2.4000000000000004
16 2.8000000000000003
16 3.2
16 3.6
16 4
16 4.4
16 4.800000000000001
16 5.2
16 5.6000000000000005
16 6
16 6.4
16 6.800000000000001
16 7.2
16 7.6000000000000005
16 8
16 8.4
16 8.8
16 9.200000000000001
16 9.600000000000001
16 10
16 10.4
16 10.8
16 11.200000000000001
16 11.600000000000001
16 12
16 12.4
16 12.8
16 13.200000000000001
16 13.600000000000001
16 14
16 14.4
16 14.8
16 15.200000000000001
16 15.600000000000001
16 16
16 16.400000000000002
16 16.8
16 17.2
16 17.6
16 18
16 18.400000000000002
16 18.8
16 19.200000000000003
16 19.6
16 20
16 20.400000000000002
16 20.8
16 21.200000000000003
16 21.6
16 22
16 22.400000000000002
16 22.8
16 23.200000000000003
16 23.6
16 24
16 24.400000000000002
16 24.8
16 25.200000000000003
16 25.6
16.400000000000002 0
16.400000000000002 0.4
16.400000000000002 0.8
16.400000000000002 1.2000000000000002
16.400000000000002 1.6
16.400000000000002 2
16.400000000000002 2.4000000000000004
16.400000000000002 2.8000000000000003
16.400000000000002 3.2
16.400000000000002 3.6
16.400000000000002 4
16.400000000000002 4.4
16.400000000000002 4.800000000000001
16.400000000000002 5.2
16.400000000000002 5.6000000000000005
16.400000000000002 6
16.400000000000002 6.4
16.400000000000002 6.800000000000001
16.400000000000002 7.2
16.400000000000002 7.6000000000000005
16.400000000000002 8
16.400000000000002 8.4
16.400000000000002 8.8
16.400000000000002 9.200000000000001
16.400000000000002 9.600000000000001
16.400000000000002 10
16.400000000000002 10.4
16.400000000000002 10.8
16.400000000000002 11.200000000000001
16.400000000000002 11.600000000000001
16.400000000000002 12
16.400000000000002 12.4
16.400000000000002 12.8
16.400000000000002 13.200000000000001
16.400000000000002 13.600000000000001
16.400000000000002 14
16.400000000000002 14.4
16.400000000000002 14.8
16.400000000000002 15.200000000000001
16.400000000000002 15.600000000000001
16.400000000000002 16
16.400000000000002 16.400000000000002
16.400000000000002 16.8
16.400000000000002 17.2
16.400000000000002 17.6
16.400000000000002 18
16.400000000000002 18.400000000000002
16.400000000000002 18.8
16.400000000000002 19.200000000000003
16.400000000000002 19.6
16.400000000000002 20
16.400000000000002 20.400000000000002
16.400000000000002 20.8
16.400000000000002 21.200000000000003
16.400000000000002 21.6
16.400000000000002 22
16.400000000000002 22.400000000000002
16.400000000000002 22.8
16.400000000000002 23.200000000000003
16.400000000000002 23.6
16.400000000000002 24
16.400000000000002 24.400000000000002
16.400000000000002 24.8
16.400000000000002 25.200000000000003
16.400000000000002 25.6
16.8 0
16.8 0.4
16.8 0.8
16.8 1.2000000000000002
16.8 1.6
16.8 2
16.8 2.4000000000000004
16.8 2.8000000000000003
16.8 3.2
16.8 3.6
16.8 4
16.8 4.4
16.8 4.800000000000001
16.8 5.2
16.8 5.6000000000000005
16.8 6
16.8 6.4
16.8 6.800000000000001
16.8 7.2
16.8 7.6000000000000005
16.8 8
16.8 8.4
16.8 8.8
16.8 9.200000000000001
16.8 9.600000000000001
16.8 10
16.8 10.4
16.8 10.8
16.8 11.200000000000001
16.8 11.600000000000001
16.8 12
16.8 12.4
16.8 12.8
16.8 13.200000000000001
16.8 13.600000000000001
16.8 14
16.8 14.4
16.8 14.8
16.8 15.200000000000001
16.8 15.600000000000001
16.8 16
16.8 16.400000000000002
16.8 16.8
16.8 17.2
16.8 17.6
16.8 18
16.8 18.400000000000002
16.8 18.8
16.8 19.200000000000003
16.8 19.6
16.8 20
16.8 20.400000000000002
16.8 20.8
16.8 21.200000000000003
16.8 21.6
16.8 22
16.8 22.400000000000002
16.8 22.8
16.8 23.200000000000003
16.8 23.6
16.8 24
16.8 24.400000000000002
16.8 24.8
16.8 25.200000000000003
16.8 25.6
17.2 0
17.2 0.4
17.2 0.8
17.2 1.2000000000000002
17.2 1.6
17.2 2
17.2 2.4000000000000004
17.2 2.8000000000000003
17.2 3.2
17.2 3.6
17.2 4
17.2 4.4
17.2 4.800000000000001
17.2 5.2
17.2 5.6000000000000005
17.2 6
17.2 6.4
17.2 6.800000000000001
17.2 7.2
17.2 7.6000000000000005
17.2 8
17.2 8.4
17.2 8.8
17.2 9.200000000000001
17.2 9.600000000000001
17.2 10
17.2 10.4
17.2 10.8
17.2 11.200000000000001
17.2 11.600000000000001
17.2 12
17.2 12.4
17.2 12.8
17.2 13.200000000000001
17.2 13.600000000000001
17.2 14
17.2 14.4
17.2 14.8
17.2 15.200000000000001
17.2 15.600000000000001
17.2 16
17.2 16.400000000000002
17.2 16.8
17.2 17.2
17.2 17.6
17.2 18
17.2 18.400000000000002
17.2 18.8
17.2 19.200000000000003
17.2 19.6
17.2 20
17.2 20.400000000000002
17.2 20.8
17.2 21.200000000000003
17.2 21.6
17.2 22
17.2 22.400000000000002
17.2 22.8
17.2 23.200000000000003
17.2 23.6
17.2 24
17.2 24.400000000000002
17.2 24.8
17.2 25.200000000000003
17.2 25.6
17.6 0
17.6 0.4
17.6 0.8
17.6 1.2000000000000002
17.6 1.6
17.6 2
17.6 2.4000000000000004
17.6 2.8000000000000003
17.6 3.2
17.6 3.6
17.6 4
17.6 4.4
17.6 4.800000000000001
17.6 5.2
17.6 5.6000000000000005
17.6 6
17.6 6.4
17.6 6.800000000000001
17.6 7.2
17.6 7.6000000000000005
17.6 8
17.6 8.4
17.6 8.8
17.6 9.200000000000001
17.6 9.600000000000001
17.6 10
17.6 10.4
17.6 10.8
17.6 11.200000000000001
17.6 11.600000000000001
17.6 12
17.6 12.4
17.6 12.8
17.6 13.200000000000001
17.6 13.600000000000001
17.6 14
17.6 14.4
17.6 14.8
17.6 15.200000000000001
17.6 15.600000000000001
17.6 16
17.6 16.400000000000002
17.6 16.8
17.6 17.2
17.6 17.6
17.6 18
17.6 18.400000000000002
17.6 18.8
17.6 19.200000000000003
17.6 19.6
17.6 20
17.6 20.400000000000002
17.6 20.8
17.6 21.200000000000003
17.6 21.6
17.6 22
17.6 22.400000000000002
17.6 22.8
17.6 23.200000000000003
17.6 23.6
17.6 24
17.6 24.400000000000002
17.6 24.8
17.6 25.200000000000003
17.6 25.6
18 0
18 0.4
18 0.8
18 1.2000000000000002
18 1.6
18 2
18 2.4000000000000004
18 2.8000000000000003
18 3.2
18 3.6
18 4
18 4.4
18 4.800000000000001
18 5.2
18 5.6000000000000005
18 6
18 6.4
18 6.800000000000001
18 7.2
18 7.6000000000000005
18 8
18 8.4
18 8.8
18 9.200000000000001
18 9.600000000000001
18 10
18 10.4
18 10.8
18 11.200000000000001
18 11.600000000000001
18 12
18 12.4
18 12.8
18 13.200000000000001
18 13.600000000000001
18 14
18 14.4
18 14.8
18 15.200000000000001
18 15.600000000000001
18 16
18 16.400000000000002
18 16.8
18 17.2
18 17.6
18 18
18 18.400000000000002
18 18.8
18 19.200000000000003
18 19.6
18 20
18 20.400000000000002
18 20.8
18 21.200000000000003
18 21.6
18 22
18 22.400000000000002
18 22.8
18 23.200000000000003
18 23.6
18 24
18 24.400000000000002
18 24.8
18 25.200000000000003
18 25.6
18.400000000000002 0
18.400000000000002 0.4
18.400000000000002 0.8
18.400000000000002 1.2000000000000002
18.400000000000002 1.6
18.400000000000002 2
18.400000000000002 2.4000000000000004
18.400000000000002 2.8000000000000003
18.400000000000002 3.2
18.400000000000002 3.6
18.400000000000002 4
18.400000000000002 4.4
18.400000000000002 4.800000000000001
18.400000000000002 5.2
18.400000000000002 5.6000000000000005
18.400000000000002 6
18.400000000000002 6.4
18.400000000000002 6.800000000000001
18.400000000000002 7.2
18.400000000000002 7.6000000000000005
18.400000000000002 8
18.400000000000002 8.4
18.400000000000002 8.8
18.400000000000002 9.200000000000001
18.400000000000002 9.600000000000001
18.400000000000002 10
18.400000000000002 10.4
18.400000000000002 10.8
18.400000000000002 11.200000000000001
18.400000000000002 11.600000000000001
18.400000000000002 12
18.400000000000002 12.4
18.400000000000002 12.8
18.400000000000002 13.200000000000001
18.400000000000002 13.600000000000001
18.400000000000002 14
18.400000000000002 14.4
18.400000000000002 14.8
18.400000000000002 15.200000000000001
18.400000000000002 15.600000000000001
18.400000000000002 16
18.400000000000002 16.400000000000002
18.400000000000002 16.8
18.400000000000002 17.2
18.400000000000002 17.6
18.400000000000002 18
18.400000000000002 18.400000000000002
18.400000000000002 18.8
18.400000000000002 19.200000000000003
18.400000000000002 19.6
18.400000000000002 20
18.400000000000002 20.400000000000002
18.400000000000002 20.8
18.400000000000002 21.200000000000003
18.400000000000002 21.6
18.400000000000002 22
18.400000000000002 22.400000000000002
18.400000000000002 22.8
18.400000000000002 23.200000000000003
18.400000000000002 23.6
18.400000000000002 24
18.400000000000002 24.400000000000002
18.400000000000002 24.8
18.400000000000002 25.200000000000003
18.400000000000002 25.6
18.8 0
18.8 0.4
18.8 0.8
18.8 1.2000000000000002
18.8 1.6
18.8 2
18.8 2.4000000000000004
18.8 2.8000000000000003
18.8 3.2
18.8 3.6
18.8 4
18.8 4.4
18.8 4.800000000000001
18.8 5.2
18.8 5.6000000000000005
18.8 6
18.8 6.4
18.8 6.800000000000001
18.8 7.2
18.8 7.6000000000000005
18.8 8
18.8 8.4
18.8 8.8
18.8 9.200000000000001
18.8 9.600000000000001
18.8 10
18.8 10.4
18.8 10.8
18.8 11.200000000000001
18.8 11.600000000000001
18.8 12
18.8 12.4
18.8 12.8
18.8 13.200000000000001
18.8 13.600000000000001
18.8 14
18.8 14.4
18.8 14.8
18.8 15.200000000000001
18.8 15.600000000000001
18.8 16
18.8 16.400000000000002
18.8 16.8
18.8 17.2
18.8 17.6
18.8 18
18.8 18.400000000000002
18.8 18.8
18.8 19.200000000000003
18.8 19.6
18.8 20
18.8 20.400000000000002
18.8 20.8
18.8 21.200000000000003
18.8 21.6
18.8 22
18.8 22.400000000000002
18.8 22.8
18.8 23.200000000000003
18.8 23.6
18.8 24
18.8 24.400000000000002
18.8 24.8
18.8 25.200000000000003
18.8 25.6
19.200000000000003 0
19.200000000000003 0.4
19.200000000000003 0.8
19.200000000000003 1.2000000000000002
19.200000000000003 1.6
19.200000000000003 2
19.200000000000003 2.4000000000000004
19.200000000000003 2.8000000000000003
19.200000000000003 3.2
19.200000000000003 3.6
19.200000000000003 4
19.200000000000003 4.4
19.200000000000003 4.800000000000001
19.200000000000003 5.2
19.200000000000003 5.6000000000000005
19.200000000000003 6
19.200000000000003 6.4
19.200000000000003 6.800000000000001
19.200000000000003 7.2
19.200000000000003 7.6000000000000005
19.200000000000003 8
19.200000000000003 8.4
19.200000000000003 8.8
19.200000000000003 9.200000000000001
19.200000000000003 9.600000000000001
19.200000000000003 10
19.200000000000003 10.4
19.200000000000003 10.8
19.200000000000003 11.200000000000001
19.200000000000003 11.600000000000001
19.200000000000003 12
19.200000000000003 12.4
19.200000000000003 12.8
19.200000000000003 13.200000000000001
19.200000000000003 13.600000000000001
19.200000000000003 14
19.200000000000003 14.4
19.200000000000003 14.8
19.200000000000003 15.200000000000001
19.200000000000003 15.600000000000001
19.200000000000003 16
19.200000000000003 16.400000000000002
19.200000000000003 16.8
19.200000000000003 17.2
19.200000000000003 17.6
19.200000000000003 18
19.200000000000003 18.400000000000002
19.200000000000003 18.8
19.200000000000003 19.200000000000003
19.200000000000003 19.6
19.200000000000003 20
19.200000000000003 20.400000000000002
19.200000000000003 20.8
19.200000000000003 21.200000000000003
19.200000000000003 21.6
19.200000000000003 22
19.200000000000003 22.400000000000002
19.200000000000003 22.8
19.200000000000003 23.200000000000003
19.200000000000003 23.6
19.200000000000003 24
19.200000000000003 24.400000000000002
19.200000000000003 24.8
19.200000000000003 25.200000000000003
19.200000000000003 25.6
19.6 0
19.6 0.4
19.6 0.8
19.6 1.2000000000000002
19.6 1.6
19.6 2
19.6 2.4000000000000004
19.6 2.8000000000000003
19.6 3.2
19.6 3.6
19.6 4
19.6 4.4
19.6 4.800000000000001
19.6 5.2
19.6 5.6000000000000005
19.6 6
19.6 6.4
19.6 6.800000000000001
19.6 7.2
19.6 7.6000000000000005
19.6 8
19.6 8.4
19.6 8.8
19.6 9.200000000000001
19.6 9.600000000000001
19.6 10
19.6 10.4
19.6 10.8
19.6 11.200000000000001
19.6 11.600000000000001
19.6 12
19.6 12.4
19.6 12.8
19.6 13.200000000000001
19.6 13.600000000000001
19.6 14
19.6 14.4
19.6 14.8
19.6 15.200000000000001
19.6 15.600000000000001
19.6 16
19.6 16.400000000000002
19.6 16.8
19.6 17.2
19.6 17.6
19.6 18
19.6 18.400000000000002
19.6 18.8
19.6 19.200000000000003
19.6 19.6
19.6 20
19.6 20.400000000000002
19.6 20.8
19.6 21.200000000000003
19.6 21.6
19.6 22
19.6 22.400000000000002
19.6 22.8
19.6 23.200000000000003
19.6 23.6
19.6 24
19.6 24.400000000000002
19.6 24.8
19.6 25.200000000000003
19.6 25.6
20 0
20 0.4
20 0.8
20 1.2000000000000002
20 1.6
20 2
20 2.4000000000000004
20 2.8000000000000003
20 3.2
20 3.6
20 4
20 4.4
20 4.800000000000001
20 5.2
20 5.6000000000000005
20 6
20 6.4
20 6.800000000000001
20 7.2
20 7.6000000000000005
20 8
20 8.4
20 8.8
20 9.200000000000001
20 9.600000000000001
20 10
20 10.4
20 10.8
20 11.200000000000001
20 11.600000000000001
20 12
20 12.4
20 12.8
20 13.200000000000001
20 13.600000000000001
20 14
20 14.4
20 14.8
20 15.200000000000001
20 15.600000000000001
20 16
20 16.400000000000002
20 16.8
20 17.2
20 17.6
20 18
20 18.400000000000002
20 18.8
20 19.200000000000003
20 19.6
20 20
20 20.400000000000002
20 20.8
20 21.200000000000003
20 21.6
20 22
20 22.400000000000002
20 22.8
20 23.200000000000003
20 23.6
20 24
20 24.400000000000002
20 24.8
20 25.200000000000003
20 25.6
20.400000000000002 0
20.400000000000002 0.4
20.400000000000002 0.8
20.400000000000002 1.2000000000000002
20.400000000000002 1.6
20.400000000000002 2
20.400000000000002 2.4000000000000004
20.400000000000002 2.8000000000000003
20.400000000000002 3.2
20.400000000000002 3.6
20.400000000000002 4
20.400000000000002 4.4
20.400000000000002 4.800000000000001
20.400000000000002 5.2
20.400000000000002 5.6000000000000005
20.400000000000002 6
20.400000000000002 6.4
20.400000000000002 6.800000000000001
20.400000000000002 7.2
20.400000000000002 7.6000000000000005
20.400000000000002 8
20.400000000000002 8.4
20.400000000000002 8.8
20.400000000000002 9.200000000000001
20.400000000000002 9.600000000000001
20.400000000000002 10
20.400000000000002 10.4
20.400000000000002 10.8
20.400000000000002 11.200000000000001
20.400000000000002 11.600000000000001
20.400000000000002 12
20.400000000000002 12.4
20.400000000000002 12.8
20.400000000000002 13.200000000000001
20.400000000000002 13.600000000000001
20.400000000000002 14
20.400000000000002 14.4
20.400000000000002 14.8
20.400000000000002 15.200000000000001
20.400000000000002 15.600000000000001
20.400000000000002 16
20.400000000000002 16.400000000000002
20.400000000000002 16.8
20.400000000000002 17.2
20.400000000000002 17.6
20.400000000000002 18
20.400000000000002 18.400000000000002
20.400000000000002 18.8
20.400000000000002 19.200000000000003
20.400000000000002 19.6
20.400000000000002 20
20.400000000000002 20.400000000000002
20.400000000000002 20.8
20.400000000000002 21.200000000000003
20.400000000000002 21.6
20.400000000000002 22
20.400000000000002 22.400000000000002
20.400000000000002 22.8
20.400000000000002 23.200000000000003
20.400000000000002 23.6
20.400000000000002 24
20.400000000000002 24.400000000000002
20.400000000000002 24.8
20.400000000000002 25.200000000000003
20.400000000000002 25.6
20.8 0
20.8 0.4
20.8 0.8
20.8 1.2000000000000002
20.8 1.6
20.8 2
20.8 2.4000000000000004
20.8 2.8000000000000003
20.8 3.2
20.8 3.6
20.8 4
20.8 4.4
20.8 4.800000000000001
20.8 5.2
20.8 5.6000000000000005
20.8 6
20.8 6.4
20.8 6.800000000000001
20.8 7.2
20.8 7.6000000000000005
20.8 8
20.8 8.4
20.8 8.8
20.8 9.200000000000001
20.8 9.600000000000001
20.8 10
20.8 10.4
20.8 10.8
20.8 11.200000000000001
20.8 11.600000000000001
20.8 12
20.8 12.4
20.8 12.8
20.8 13.200000000000001
20.8 13.600000000000001
20.8 14
20.8 14.4
20.8 14.8
20.8 15.200000000000001
20.8 15.600000000000001
20.8 16
20.8 16.400000000000002
20.8 16.8
20.8 17.2
20.8 17.6
20.8 18
20.8 18.400000000000002
20.8 18.8
20.8 19.200000000000003
20.8 19.6
20.8 20
20.8 20.400000000000002
20.8 20.8
20.8 21.200000000000003
20.8 21.6
20.8 22
20.8 22.400000000000002
20.8 22.8
20.8 23.200000000000003
20.8 23.6
20.8 24
20.8 24.400000000000002
20.8 24.8
20.8 25.200000000000003
20.8 25.6
21.200000000000003 0
21.200000000000003 0.4
21.200000000000003 0.8
21.200000000000003 1.2000000000000002
21.200000000000003 1.6
21.200000000000003 2
21.200000000000003 2.4000000000000004
21.200000000000003 2.8000000000000003
21.200000000000003 3.2
21.200000000000003 3.6
21.200000000000003 4
21.200000000000003 4.4
21.200000000000003 4.800000000000001
21.200000000000003 5.2
21.200000000000003 5.6000000000000005
21.200000000000003 6
21.200000000000003 6.4
21.200000000000003 6.800000000000001
21.200000000000003 7.2
21.200000000000003 7.6000000000000005
21.200000000000003 8
21.200000000000003 8.4
21.200000000000003 8.8
21.200000000000003 9.200000000000001
21.200000000000003 9.600000000000001
21.200000000000003 10
21.200000000000003 10.4
21.200000000000003 10.8
21.200000000000003 11.200000000000001
21.200000000000003 11.600000000000001
21.200000000000003 12
21.200000000000003 12.4
21.200000000000003 12.8
21.200000000000003 13.200000000000001
21.200000000000003 13.600000000000001
21.200000000000003 14
21.200000000000003 14.4
21.200000000000003 14.8
21.200000000000003 15.200000000000001
21.200000000000003 15.600000000000001
21.200000000000003 16
21.200000000000003 16.400000000000002
21.200000000000003 16.8
21.200000000000003 17.2
21.200000000000003 17.6
21.200000000000003 18
21.200000000000003 18.400000000000002
21.200000000000003 18.8
21.200000000000003 19.200000000000003
21.200000000000003 19.6
21.200000000000003 20
21.200000000000003 20.400000000000002
21.200000000000003 20.8
21.200000000000003 21.200000000000003
21.200000000000003 21.6
21.200000000000003 22
21.200000000000003 22.400000000000002
21.200000000000003 22.8
21.200000000000003 23.200000000000003
21.200000000000003 23.6
21.200000000000003 24
21.200000000000003 24.400000000000002
21.200000000000003 24.8
21.200000000000003 25.200000000000003
21.200000000000003 25.6
21.6 0
21.6 0.4
21.6 0.8
21.6 1.2000000000000002
21.6 1.6
21.6 2
21.6 2.4000000000000004
21.6 2.8000000000000003
21.6 3.2
21.6 3.6
21.6 4
21.6 4.4
21.6 4.800000000000001
21.6 5.2
21.6 5.6000000000000005
21.6 6
21.6 6.4
21.6 6.800000000000001
21.6 7.2
21.6 7.6000000000000005
21.6 8
21.6 8.4
21.6 8.8
21.6 9.200000000000001
21.6 9.600000000000001
21.6 10
21.6 10.4
21.6 10.8
21.6 11.200000000000001
21.6 11.600000000000001
21.6 12
21.6 12.4
21.6 12.8
21.6 13.200000000000001
21.6 13.600000000000001
21.6 14
21.6 14.4
21.6 14.8
21.6 15.200000000000001
21.6 15.600000000000001
21.6 16
21.6 16.400000000000002
21.6 16.8
21.6 17.2
21.6 17.6
21.6 18
21.6 18.400000000000002
21.6 18.8
21.6 19.200000000000003
21.6 19.6
21.6 20
21.6 20.400000000000002
21.6 20.8
21.6 21.200000000000003
21.6 21.6
21.6 22
21.6 22.400000000000002
21.6 22.8
21.6 23.200000000000003
21.6 23.6
21.6 24
21.6 24.400000000000002
21.6 24.8
21.6 25.200000000000003
21.6 25.6
22 0
22 0.4
22 0.8
22 1.2000000000000002
22 1.6
22 2
22 2.4000000000000004
22 2.8000000000000003
22 3.2
22 3.6
22 4
22 4.4
22 4.800000000000001
22 5.2
22 5.6000000000000005
22 6
22 6.4
22 6.800000000000001
22 7.2
22 7.6000000000000005
22 8
22 8.4
22 8.8
22 9.200000000000001
22 9.600000000000001
22 10
22 10.4
22 10.8
22 11.200000000000001
22 11.600000000000001
22 12
22 12.4
22 12.8
22 13.200000000000001
22 13.600000000000001
22 14
22 14.4
22 14.8
22 15.200000000000001
22 15.600000000000001
22 16
22 16.400000000000002
22 16.8
22 17.2
22 17.6
22 18
22 18.400000000000002
22 18.8
22 19.200000000000003
22 19.6
22 20
22 20.400000000000002
22 20.8
22 21.200000000000003
22 21.6
22 22
22 22.400000000000002
22 22.8
22 23.200000000000003
22 23.6
22 24
22 24.400000000000002
22 24.8
22 25.200000000000003
22 25.6
22.400000000000002 0
22.400000000000002 0.4
22.400000000000002 0.8
22.400000000000002 1.2000000000000002
22.400000000000002 1.6
22.400000000000002 2
22.400000000000002 2.4000000000000004
22.400000000000002 2.8000000000000003
22.400000000000002 3.2
22.400000000000002 3.6
22.400000000000002 4
22.400000000000002 4.4
22.400000000000002 4.800000000000001
22.400000000000002 5.2
22.400000000000002 5.6000000000000005
22.400000000000002 6
22.400000000000002 6.4
22.400000000000002 6.800000000000001
22.400000000000002 7.2
22.400000000000002 7.6000000000000005
22.400000000000002 8
22.400000000000002 8.4
22.400000000000002 8.8
22.400000000000002 9.200000000000001
22.400000000000002 9.600000000000001
22.400000000000002 10
22.400000000000002 10.4
22.400000000000002 10.8
22.400000000000002 11.200000000000001
22.400000000000002 11.600000000000001
22.400000000000002 12
22.400000000000002 12.4
22.400000000000002 12.8
22.400000000000002 13.200000000000001
22.400000000000002 13.600000000000001
22.400000000000002 14
22.400000000000002 14.4
22.400000000000002 14.8
22.400000000000002 15.200000000000001
22.400000000000002 15.600000000000001
22.400000000000002 16
22.400000000000002 16.400000000000002
22.400000000000002 16.8
22.400000000000002 17.2
22.400000000000002 17.6
22.400000000000002 18
22.400000000000002 18.400000000000002
22.400000000000002 18.8
22.400000000000002 19.200000000000003
22.400000000000002 19.6
22.400000000000002 20
22.400000000000002 20.400000000000002
22.400000000000002 20.8
22.400000000000002 21.200000000000003
22.400000000000002 21.6
22.400000000000002 22
22.400000000000002 22.400000000000002
22.400000000000002 22.8
22.400000000000002 23.200000000000003
22.400000000000002 23.6
22.400000000000002 24
22.400000000000002 24.400000000000002
22.400000000000002 24.8
22.400000000000002 25.200000000000003
22.400000000000002 25.6
22.8 0
22.8 0.4
22.8 0.8
22.8 1.2000000000000002
22.8 1.6
22.8 2
22.8 2.4000000000000004
22.8 2.8000000000000003
22.8 3.2
22.8 3.6
22.8 4
22.8 4.4
22.8 4.800000000000001
22.8 5.2
22.8 5.6000000000000005
22.8 6
22.8 6.4
22.8 6.800000000000001
22.8 7.2
22.8 7.6000000000000005
22.8 8
22.8 8.4
22.8 8.8
22.8 9.200000000000001
22.8 9.600000000000001
22.8 10
22.8 10.4
22.8 10.8
22.8 11.200000000000001
22.8 11.600000000000001
22.8 12
22.8 12.4
22.8 12.8
22.8 13.200000000000001
22.8 13.600000000000001
22.8 14
22.8 14.4
22.8 14.8
22.8 15.200000000000001
22.8 15.600000000000001
22.8 16
22.8 16.400000000000002
22.8 16.8
22.8 17.2
22.8 17.6
22.8 18
22.8 18.400000000000002
22.8 18.8
22.8 19.200000000000003
22.8 19.6
22.8 20
22.8 20.400000000000002
22.8 20.8
22.8 21.200000000000003
22.8 21.6
22.8 22
22.8 22.400000000000002
22.8 22.8
22.8 23.200000000000003
22.8 23.6
22.8 24
22.8 24.400000000000002
22.8 24.8
22.8 25.200000000000003
22.8 25.6
23.200000000000003 0
23.200000000000003 0.4
23.200000000000003 0.8
23.200000000000003 1.2000000000000002
23.200000000000003 1.6
23.200000000000003 2
23.200000000000003 2.4000000000000004
23.200000000000003 2.8000000000000003
23.200000000000003 3.2
23.200000000000003 3.6
23.200000000000003 4
23.200000000000003 4.4
23.200000000000003 4.800000000000001
23.200000000000003 5.2
23.200000000000003 5.6000000000000005
23.200000000000003 6
23.200000000000003 6.4
23.200000000000003 6.800000000000001
23.200000000000003 7.2
23.200000000000003 7.6000000000000005
23.200000000000003 8
23.200000000000003 8.4
23.200000000000003 8.8
23.200000000000003 9.200000000000001
23.200000000000003 9.600000000000001
23.200000000000003 10
23.200000000000003 10.4
23.200000000000003 10.8
23.200000000000003 11.200000000000001
23.200000000000003 11.600000000000001
23.200000000000003 12
23.200000000000003 12.4
23.200000000000003 12.8
23.200000000000003 13.200000000000001
23.200000000000003 13.600000000000001
23.200000000000003 14
23.200000000000003 14.4
23.200000000000003 14.8
23.200000000000003 15.200000000000001
23.200000000000003 15.600000000000001
23.200000000000003 16
23.200000000000003 16.400000000000002
23.200000000000003 16.8
23.200000000000003 17.2
23.200000000000003 17.6
23.200000000000003 18
23.200000000000003 18.400000000000002
23.200000000000003 18.8
23.200000000000003 19.200000000000003
23.200000000000003 19.6
23.200000000000003 20
23.200000000000003 20.400000000000002
23.200000000000003 20.8
23.200000000000003 21.200000000000003
23.200000000000003 21.6
23.200000000000003 22
23.200000000000003 22.400000000000002
23.200000000000003 22.8
23.200000000000003 23.200000000000003
23.200000000000003 23.6
23.200000000000003 24
23.200000000000003 24.400000000000002
23.200000000000003 24.8
23.200000000000003 25.200000000000003
23.200000000000003 25.6
23.6 0
23.6 0.4
23.6 0.8
23.6 1.2000000000000002
23.6 1.6
23.6 2
23.6 2.4000000000000004
23.6 2.8000000000000003
23.6 3.2
23.6 3.6
23.6 4
23.6 4.4
23.6 4.800000000000001
23.6 5.2
23.6 5.6000000000000005
23.6 6
23.6 6.4
23.6 6.800000000000001
23.6 7.2
23.6 7.6000000000000005
23.6 8
23.6 8.4
23.6 8.8
23.6 9.200000000000001
23.6 9.600000000000001
23.6 10
23.6 10.4
23.6 10.8
23.6 11.200000000000001
23.6 11.600000000000001
23.6 12
23.6 12.4
23.6 12.8
23.6 13.200000000000001
23.6 13.600000000000001
23.6 14
23.6 14.4
23.6 14.8
23.6 15.200000000000001
23.6 15.600000000000001
23.6 16
23.6 16.400000000000002
23.6 16.8
23.6 17.2
23.6 17.6
23.6 18
23.6 18.400000000000002
23.6 18.8
23.6 19.200000000000003
23.6 19.6
23.6 20
23.6 20.400000000000002
23.6 20.8
23.6 21.200000000000003
23.6 21.6
23.6 22
23.6 22.400000000000002
23.6 22.8
23.6 23.200000000000003
23.6 23.6
23.6 24
23.6 24.400000000000002
23.6 24.8
23.6 25.200000000000003
23.6 25.6
24 0
24 0.4
24 0.8
24 1.2000000000000002
24 1.6
24 2
24 2.4000000000000004
24 2.8000000000000003
24 3.2
24 3.6
24 4
24 4.4
24 4.800000000000001
24 5.2
24 5.6000000000000005
24 6
24 6.4
24 6.800000000000001
24 7.2
24 7.6000000000000005
24 8
24 8.4
24 8.8
24 9.200000000000001
24 9.600000000000001
24 10
24 10.4
24 10.8
24 11.200000000000001
24 11.600000000000001
24 12
24 12.4
24 12.8
24 13.200000000000001
24 13.600000000000001
24 14
24 14.4
24 14.8
24 15.200000000000001
24 15.600000000000001
24 16
24 16.400000000000002
24 16.8
24 17.2
24 17.6
24 18
24 18.400000000000002
24 18.8
24 19.200000000000003
24 19.6
24 20
24 20.400000000000002
24 20.8
24 21.200000000000003
24 21.6
24 22
24 22.400000000000002
24 22.8
24 23.200000000000003
24 23.6
24 24
24 24.400000000000002
24 24.8
24 25.200000000000003
24 25.6
24.400000000000002 0
24.400000000000002 0.4
24.400000000000002 0.8
24.400000000000002 1.2000000000000002
24.400000000000002 1.6
24.400000000000002 2
24.400000000000002 2.4000000000000004
24.400000000000002 2.8000000000000003
24.400000000000002 3.2
24.400000000000002 3.6
24.400000000000002 4
24.400000000000002 4.4
24.400000000000002 4.800000000000001
24.400000000000002 5.2
24.400000000000002 5.6000000000000005
24.400000000000002 6
24.400000000000002 6.4
24.400000000000002 6.800000000000001
24.400000000000002 7.2
24.400000000000002 7.6000000000000005
24.400000000000002 8
24.400000000000002 8.4
24.400000000000002 8.8
24.400000000000002 9.200000000000001
24.400000000000002 9.600000000000001
24.400000000000002 10
24.400000000000002 10.4
24.400000000000002 10.8
24.400000000000002 11.200000000000001
24.400000000000002 11.600000000000001
24.400000000000002 12
24.400000000000002 12.4
24.400000000000002 12.8
24.400000000000002 13.200000000000001
24.400000000000002 13.600000000000001
24.400000000000002 14
24.400000000000002 14.4
24.400000000000002 14.8
24.400000000000002 15.200000000000001
24.400000000000002 15.600000000000001
24.400000000000002 16
24.400000000000002 16.400000000000002
24.400000000000002 16.8
24.400000000000002 17.2
24.400000000000002 17.6
24.400000000000002 18
24.400000000000002 18.400000000000002
24.400000000000002 18.8
24.400000000000002 19.200000000000003
24.400000000000002 19.6
24.400000000000002 20
24.400000000000002 20.400000000000002
24.400000000000002 20.8
24.400000000000002 21.200000000000003
24.400000000000002 21.6
24.400000000000002 22
24.400000000000002 22.400000000000002
24.400000000000002 22.8
24.400000000000002 23.200000000000003
24.400000000000002 23.6
24.400000000000002 24
24.400000000000002 24.400000000000002
24.400000000000002 24.8
24.400000000000002 25.200000000000003
24.400000000000002 25.6
24.8 0
24.8 0.4
24.8 0.8
24.8 1.2000000000000002
24.8 1.6
24.8 2
24.8 2.4000000000000004
24.8 2.8000000000000003
24.8 3.2
24.8 3.6
24.8 4
24.8 4.4
24.8 4.800000000000001
24.8 5.2
24.8 5.6000000000000005
24.8 6
24.8 6.4
24.8 6.800000000000001
24.8 7.2
24.8 7.6000000000000005
24.8 8
24.8 8.4
24.8 8.8
24.8 9.200000000000001
24.8 9.600000000000001
24.8 10
24.8 10.4
24.8 10.8
24.8 11.200000000000001
24.8 11.600000000000001
24.8 12
24.8 12.4
24.8 12.8
24.8 13.200000000000001
24.8 13.600000000000001
24.8 14
24.8 14.4
24.8 14.8
24.8 15.200000000000001
24.8 15.600000000000001
24.8 16
24.8 16.400000000000002
24.8 16.8
24.8 17.2
24.8 17.6
24.8 18
24.8 18.400000000000002
24.8 18.8
24.8 19.200000000000003
24.8 19.6
24.8 20
24.8 20.400000000000002
24.8 20.8
24.8 21.200000000000003
24.8 21.6
24.8 22
24.8 22.400000000000002
24.8 22.8
24.8 23.200000000000003
24.8 23.6
24.8 24
24.8 24.400000000000002
24.8 24.8
24.8 25.200000000000003
24.8 25.6
25.200000000000003 0
25.200000000000003 0.4
25.200000000000003 0.8
25.200000000000003 1.2000000000000002
25.200000000000003 1.6
25.200000000000003 2
25.200000000000003 2.4000000000000004
25.200000000000003 2.8000000000000003
25.200000000000003 3.2
25.200000000000003 3.6
25.200000000000003 4
25.200000000000003 4.4
25.200000000000003 4.800000000000001
25.200000000000003 5.2
25.200000000000003 5.6000000000000005
25.200000000000003 6
25.200000000000003 6.4
25.200000000000003 6.800000000000001
25.200000000000003 7.2
25.200000000000003 7.6000000000000005
25.200000000000003 8
25.200000000000003 8.4
25.200000000000003 8.8
25.200000000000003 9.200000000000001
25.200000000000003 9.600000000000001
25.200000000000003 10
25.200000000000003 10.4
25.200000000000003 10.8
25.200000000000003 11.200000000000001
25.200000000000003 11.600000000000001
25.200000000000003 12
25.200000000000003 12.4
25.200000000000003 12.8
25.200000000000003 13.200000000000001
25.200000000000003 13.600000000000001
25.200000000000003 14
25.200000000000003 14.4
25.200000000000003 14.8
25.200000000000003 15.200000000000001
25.200000000000003 15.600000000000001
25.200000000000003 16
25.200000000000003 16.400000000000002
25.200000000000003 16.8
25.200000000000003 17.2
25.200000000000003 17.6
25.200000000000003 18
25.200000000000003 18.400000000000002
25.200000000000003 18.8
25.200000000000003 19.200000000000003
25.200000000000003 19.6
25.200000000000003 20
25.200000000000003 20.400000000000002
25.200000000000003 20.8
25.200000000000003 21.200000000000003
25.200000000000003 21.6
25.200000000000003 22
25.200000000000003 22.400000000000002
25.200000000000003 22.8
25.200000000000003 23.200000000000003
25.200000000000003 23.6
25.200000000000003 24
25.200000000000003 24.400000000000002
25.200000000000003 24.8
25.200000000000003 25.200000000000003
25.200000000000003 25.6
25.6 0
25.6 0.4
25.6 0.8
25.6 1.2000000000000002
25.6 1.6
25.6 2
25.6 2.4000000000000004
25.6 2.8000000000000003
25.6 3.2
25.6 3.6
25.6 4
25.6 4.4
25.6 4.800000000000001
25.6 5.2
25.6 5.6000000000000005
25.6 6
25.6 6.4
25.6 6.800000000000001
25.6 7.2
25.6 7.6000000000000005
25.6 8
25.6 8.4
25.6 8.8
25.6 9.200000000000001
25.6 9.600000000000001
25.6 10
25.6 10.4
25.6 10.8
25.6 11.200000000000001
25.6 11.600000000000001
25.6 12
25.6 12.4
25.6 12.8
25.6 13.200000000000001
25.6 13.600000000000001
25.6 14
25.6 14.4
25.6 14.8
25.6 15.200000000000001
25.6 15.600000000000001
25.6 16
25.6 16.400000000000002
25.6 16.8
25.6 17.2
25.6 17.6
25.6 18
25.6 18.400000000000002
25.6 18.8
25.6 19.200000000000003
25.6 19.6
25.6 20
25.6 20.400000000000002
25.6 20.8
25.6 21.200000000000003
25.6 21.6
25.6 22
25.6 22.400000000000002
25.6 22.8
25.6 23.200000000000003
25.6 23.6
25.6 24
25.6 24.400000000000002
25.6 24.8
25.6 25.200000000000003
25.6 25.6
