0 0
0 3.2
0 6.4
0 9.600000000000001
0 12.8
0 16
0 19.200000000000003
0 22.400000000000002
0 25.6
3.2 0
3.2 3.2
3.2 6.4
3.2 9.600000000000001
3.2 12.8
3.2 16
3.2 19.200000000000003
3.2 22.400000000000002
3.2 25.6
6.4 0
6.4 3.2
6.4 6.4
6.4 9.600000000000001
6.4 12.8
6.4 16
6.4 19.200000000000003
6.4 22.400000000000002
6.4 25.6
9.600000000000001 0
9.600000000000001 3.2
9.600000000000001 6.4
9.600000000000001 9.600000000000001
9.600000000000001 12.8
9.600000000000001 16
9.600000000000001 19.200000000000003
9.600000000000001 22.400000000000002
9.600000000000001 25.6
12.8 0
12.8 3.2
12.8 6.4
12.8 9.600000000000001
12.8 12.8
12.8 16
12.8 19.200000000000003
12.8 22.400000000000002
12.8 25.6
16 0
16 3.2
16 6.4
16 9.600000000000001
16 12.8
16 16
16 19.200000000000003
16 22.400000000000002
16 25.6
19.200000000000003 0
19.200000000000003 3.2
19.200000000000003 6.4
19.200000000000003 9.600000000000001
19.200000000000003 12.8
19.200000000000003 16
19.200000000000003 19.200000000000003
19.200000000000003 22.400000000000002
19.200000000000003 25.6
22.400000000000002 0
22.400000000000002 3.2
22.400000000000002 6.4
22.400000000000002 9.600000000000001
22.400000000000002 12.8
22.400000000000002 16
22.400000000000002 19.200000000000003
22.400000000000002 22.400000000000002
22.400000000000002 25.6
25.6 0
25.6 3.2
25.6 6.4
25.6 9.600000000000001
25.6 12.8
25.6 16
25.6 19.200000000000003
25.6 22.400000000000002
25.6 25.6
