0 0
0 1.6
0 3.2
0 4.800000000000001
0 6.4
0 8
0 9.600000000000001
0 11.200000000000001
0 12.8
0 14.4
0 16
0 17.6
0 19.200000000000003
0 20.8
0 22.400000000000002
0 24
0 25.6
1.6 0
1.6 1.6
1.6 3.2
1.6 4.800000000000001
1.6 6.4
1.6 8
1.6 9.600000000000001
1.6 11.200000000000001
1.6 12.8
1.6 14.4
1.6 16
1.6 17.6
1.6 19.200000000000003
1.6 20.8
1.6 22.400000000000002
1.6 24
1.6 25.6
3.2 0
3.2 1.6
3.2 3.2
3.2 4.800000000000001
3.2 6.4
3.2 8
3.2 9.600000000000001
3.2 11.200000000000001
3.2 12.8
3.2 14.4
3.2 16
3.2 17.6
3.2 19.200000000000003
3.2 20.8
3.2 22.400000000000002
3.2 24
3.2 25.6
4.800000000000001 0
4.800000000000001 1.6
4.800000000000001 3.2
4.800000000000001 4.800000000000001
4.800000000000001 6.4
4.800000000000001 8
4.800000000000001 9.600000000000001
4.800000000000001 11.200000000000001
4.800000000000001 12.8
4.800000000000001 14.4
4.800000000000001 16
4.800000000000001 17.6
4.800000000000001 19.200000000000003
4.800000000000001 20.8
4.800000000000001 22.400000000000002
4.800000000000001 24
4.800000000000001 25.6
6.4 0
6.4 1.6
6.4 3.2
6.4 4.800000000000001
6.4 6.4
6.4 8
6.4 9.600000000000001
6.4 11.200000000000001
6.4 12.8
6.4 14.4
6.4 16
6.4 17.6
6.4 19.200000000000003
6.4 20.8
6.4 22.400000000000002
6.4 24
6.4 25.6
8 0
8 1.6
8 3.2
8 4.800000000000001
8 6.4
8 8
8 9.600000000000001
8 11.200000000000001
8 12.8
8 14.4
8 16
8 17.6
8 19.200000000000003
8 20.8
8 22.400000000000002
8 24
8 25.6
9.600000000000001 0
9.600000000000001 1.6
9.600000000000001 3.2
9.600000000000001 4.800000000000001
9.600000000000001 6.4
9.600000000000001 8
9.600000000000001 9.600000000000001
9.600000000000001 11.200000000000001
9.600000000000001 12.8
9.600000000000001 14.4
9.600000000000001 16
9.600000000000001 17.6
9.600000000000001 19.200000000000003
9.600000000000001 20.8
9.600000000000001 22.400000000000002
9.600000000000001 24
9.600000000000001 25.6
11.200000000000001 0
11.200000000000001 1.6
11.200000000000001 3.2
11.200000000000001 4.800000000000001
11.200000000000001 6.4
11.200000000000001 8
11.200000000000001 9.600000000000001
11.200000000000001 11.200000000000001
11.200000000000001 12.8
11.200000000000001 14.4
11.200000000000001 16
11.200000000000001 17.6
11.200000000000001 19.200000000000003
11.200000000000001 20.8
11.200000000000001 22.400000000000002
11.200000000000001 24
11.200000000000001 25.6
12.8 0
12.8 1.6
12.8 3.2
12.8 4.800000000000001
12.8 6.4
12.8 8
12.8 9.600000000000001
12.8 11.200000000000001
12.8 12.8
12.8 14.4
12.8 16
12.8 17.6
12.8 19.200000000000003
12.8 20.8
12.8 22.400000000000002
12.8 24
12.8 25.6
14.4 0
14.4 1.6
14.4 3.2
14.4 4.800000000000001
14.4 6.4
14.4 8
14.4 9.600000000000001
14.4 11.200000000000001
14.4 12.8
14.4 14.4
14.4 16
14.4 17.6
14.4 19.200000000000003
14.4 20.8
14.4 22.400000000000002
14.4 24
14.4 25.6
16 0
16 1.6
16 3.2
16 4.800000000000001
16 6.4
16 8
16 9.600000000000001
16 11.200000000000001
16 12.8
16 14.4
16 16
16 17.6
16 19.200000000000003
16 20.8
16 22.400000000000002
16 24
16 25.6
17.6 0
17.6 1.6
17.6 3.2
17.6 4.800000000000001
17.6 6.4
17.6 8
17.6 9.600000000000001
17.6 11.200000000000001
17.6 12.8
17.6 14.4
17.6 16
17.6 17.6
17.6 19.200000000000003
17.6 20.8
17.6 22.400000000000002
17.6 24
17.6 25.6
19.200000000000003 0
19.200000000000003 1.6
19.200000000000003 3.2
19.200000000000003 4.800000000000001
19.200000000000003 6.4
19.200000000000003 8
19.200000000000003 9.600000000000001
19.200000000000003 11.200000000000001
19.200000000000003 12.8
19.200000000000003 14.4
19.200000000000003 16
19.200000000000003 17.6
19.200000000000003 19.200000000000003
19.200000000000003 20.8
19.200000000000003 22.400000000000002
19.200000000000003 24
19.200000000000003 25.6
20.8 0
20.8 1.6
20.8 3.2
20.8 4.800000000000001
20.8 6.4
20.8 8
20.8 9.600000000000001
20.8 11.200000000000001
20.8 12.8
20.8 14.4
20.8 16
20.8 17.6
20.8 19.200000000000003
20.8 20.8
20.8 22.400000000000002
20.8 24
20.8 25.6
22.400000000000002 0
22.400000000000002 1.6
22.400000000000002 3.2
22.400000000000002 4.800000000000001
22.400000000000002 6.4
22.400000000000002 8
22.400000000000002 9.600000000000001
22.400000000000002 11.200000000000001
22.400000000000002 12.8
22.400000000000002 14.4
22.400000000000002 16
22.400000000000002 17.6
22.400000000000002 19.200000000000003
22.400000000000002 20.8
22.400000000000002 22.400000000000002
22.400000000000002 24
22.400000000000002 25.6
24 0
24 1.6
24 3.2
24 4.800000000000001
24 6.4
24 8
24 9.600000000000001
24 11.200000000000001
24 12.8
24 14.4
24 16
24 17.6
24 19.200000000000003
24 20.8
24 22.400000000000002
24 24
24 25.6
25.6 0
25.6 1.6
25.6 3.2
25.6 4.800000000000001
25.6 6.4
25.6 8
25.6 9.600000000000001
25.6 11.200000000000001
25.6 12.8
25.6 14.4
25.6 16
25.6 17.6
25.6 19.200000000000003
25.6 20.8
25.6 22.400000000000002
25.6 24
25.6 25.6
