0 0
0 0.8
0 1.6
0 2.4000000000000004
0 3.2
0 4
0 4.800000000000001
0 5.6000000000000005
0 6.4
0 7.2
0 8
0 8.8
0 9.600000000000001
0 10.4
0 11.200000000000001
0 12
0 12.8
0 13.600000000000001
0 14.4
0 15.200000000000001
0 16
0 16.8
0 17.6
0 18.400000000000002
0 19.200000000000003
0 20
0 20.8
0 21.6
0 22.400000000000002
0 23.200000000000003
0 24
0 24.8
0 25.6
0.8 0
0.8 0.8
0.8 1.6
0.8 2.4000000000000004
0.8 3.2
0.8 4
0.8 4.800000000000001
0.8 5.6000000000000005
0.8 6.4
0.8 7.2
0.8 8
0.8 8.8
0.8 9.600000000000001
0.8 10.4
0.8 11.200000000000001
0.8 12
0.8 12.8
0.8 13.600000000000001
0.8 14.4
0.8 15.200000000000001
0.8 16
0.8 16.8
0.8 17.6
0.8 18.400000000000002
0.8 19.200000000000003
0.8 20
0.8 20.8
0.8 21.6
0.8 22.400000000000002
0.8 23.200000000000003
0.8 24
0.8 24.8
0.8 25.6
1.6 0
1.6 0.8
1.6 1.6
1.6 2.4000000000000004
1.6 3.2
1.6 4
1.6 4.800000000000001
1.6 5.6000000000000005
1.6 6.4
1.6 7.2
1.6 8
1.6 8.8
1.6 9.600000000000001
1.6 10.4
1.6 11.200000000000001
1.6 12
1.6 12.8
1.6 13.600000000000001
1.6 14.4
1.6 15.200000000000001
1.6 16
1.6 16.8
1.6 17.6
1.6 18.400000000000002
1.6 19.200000000000003
1.6 20
1.6 20.8
1.6 21.6
1.6 22.400000000000002
1.6 23.200000000000003
1.6 24
1.6 24.8
1.6 25.6
2.4000000000000004 0
2.4000000000000004 0.8
2.4000000000000004 1.6
2.4000000000000004 2.4000000000000004
2.4000000000000004 3.2
2.4000000000000004 4
2.4000000000000004 4.800000000000001
2.4000000000000004 5.6000000000000005
2.4000000000000004 6.4
2.4000000000000004 7.2
2.4000000000000004 8
2.4000000000000004 8.8
2.4000000000000004 9.600000000000001
2.4000000000000004 10.4
2.4000000000000004 11.200000000000001
2.4000000000000004 12
2.4000000000000004 12.8
2.4000000000000004 13.600000000000001
2.4000000000000004 14.4
2.4000000000000004 15.200000000000001
2.4000000000000004 16
2.4000000000000004 16.8
2.4000000000000004 17.6
2.4000000000000004 18.400000000000002
2.4000000000000004 19.200000000000003
2.4000000000000004 20
2.4000000000000004 20.8
2.4000000000000004 21.6
2.4000000000000004 22.400000000000002
2.4000000000000004 23.200000000000003
2.4000000000000004 24
2.4000000000000004 24.8
2.4000000000000004 25.6
3.2 0
3.2 0.8
3.2 1.6
3.2 2.4000000000000004
3.2 3.2
3.2 4
3.2 4.800000000000001
3.2 5.6000000000000005
3.2 6.4
3.2 7.2
3.2 8
3.2 8.8
3.2 9.600000000000001
3.2 10.4
3.2 11.200000000000001
3.2 12
3.2 12.8
3.2 13.600000000000001
3.2 14.4
3.2 15.200000000000001
3.2 16
3.2 16.8
3.2 17.6
3.2 18.400000000000002
3.2 19.200000000000003
3.2 20
3.2 20.8
3.2 21.6
3.2 22.400000000000002
3.2 23.200000000000003
3.2 24
3.2 24.8
3.2 25.6
4 0
4 0.8
4 1.6
4 2.4000000000000004
4 3.2
4 4
4 4.800000000000001
4 5.6000000000000005
4 6.4
4 7.2
4 8
4 8.8
4 9.600000000000001
4 10.4
4 11.200000000000001
4 12
4 12.8
4 13.600000000000001
4 14.4
4 15.200000000000001
4 16
4 16.8
4 17.6
4 18.400000000000002
4 19.200000000000003
4 20
4 20.8
4 21.6
4 22.400000000000002
4 23.200000000000003
4 24
4 24.8
4 25.6
4.800000000000001 0
4.800000000000001 0.8
4.800000000000001 1.6
4.800000000000001 2.4000000000000004
4.800000000000001 3.2
4.800000000000001 4
4.800000000000001 4.800000000000001
4.800000000000001 5.6000000000000005
4.800000000000001 6.4
4.800000000000001 7.2
4.800000000000001 8
4.800000000000001 8.8
4.800000000000001 9.600000000000001
4.800000000000001 10.4
4.800000000000001 11.200000000000001
4.800000000000001 12
4.800000000000001 12.8
4.800000000000001 13.600000000000001
4.800000000000001 14.4
4.800000000000001 15.200000000000001
4.800000000000001 16
4.800000000000001 16.8
4.800000000000001 17.6
4.800000000000001 18.400000000000002
4.800000000000001 19.200000000000003
4.800000000000001 20
4.800000000000001 20.8
4.800000000000001 21.6
4.800000000000001 22.400000000000002
4.800000000000001 23.200000000000003
4.800000000000001 24
4.800000000000001 24.8
4.800000000000001 25.6
5.6000000000000005 0
5.6000000000000005 0.8
5.6000000000000005 1.6
5.6000000000000005 2.4000000000000004
5.6000000000000005 3.2
5.6000000000000005 4
5.6000000000000005 4.800000000000001
5.6000000000000005 5.6000000000000005
5.6000000000000005 6.4
5.6000000000000005 7.2
5.6000000000000005 8
5.6000000000000005 8.8
5.6000000000000005 9.600000000000001
5.6000000000000005 10.4
5.6000000000000005 11.200000000000001
5.6000000000000005 12
5.6000000000000005 12.8
5.6000000000000005 13.600000000000001
5.6000000000000005 14.4
5.6000000000000005 15.200000000000001
5.6000000000000005 16
5.6000000000000005 16.8
5.6000000000000005 17.6
5.6000000000000005 18.400000000000002
5.6000000000000005 19.200000000000003
5.6000000000000005 20
5.6000000000000005 20.8
5.6000000000000005 21.6
5.6000000000000005 22.400000000000002
5.6000000000000005 23.200000000000003
5.6000000000000005 24
5.6000000000000005 24.8
5.6000000000000005 25.6
6.4 0
6.4 0.8
6.4 1.6
6.4 2.4000000000000004
6.4 3.2
6.4 4
6.4 4.800000000000001
6.4 5.6000000000000005
6.4 6.4
6.4 7.2
6.4 8
6.4 8.8
6.4 9.600000000000001
6.4 10.4
6.4 11.200000000000001
6.4 12
6.4 12.8
6.4 13.600000000000001
6.4 14.4
6.4 15.200000000000001
6.4 16
6.4 16.8
6.4 17.6
6.4 18.400000000000002
6.4 19.200000000000003
6.4 20
6.4 20.8
6.4 21.6
6.4 22.400000000000002
6.4 23.200000000000003
6.4 24
6.4 24.8
6.4 25.6
7.2 0
7.2 0.8
7.2 1.6
7.2 2.4000000000000004
7.2 3.2
7.2 4
7.2 4.800000000000001
7.2 5.6000000000000005
7.2 6.4
7.2 7.2
7.2 8
7.2 8.8
7.2 9.600000000000001
7.2 10.4
7.2 11.200000000000001
7.2 12
7.2 12.8
7.2 13.600000000000001
7.2 14.4
7.2 15.200000000000001
7.2 16
7.2 16.8
7.2 17.6
7.2 18.400000000000002
7.2 19.200000000000003
7.2 20
7.2 20.8
7.2 21.6
7.2 22.400000000000002
7.2 23.200000000000003
7.2 24
7.2 24.8
7.2 25.6
8 0
8 0.8
8 1.6
8 2.4000000000000004
8 3.2
8 4
8 4.800000000000001
8 5.6000000000000005
8 6.4
8 7.2
8 8
8 8.8
8 9.600000000000001
8 10.4
8 11.200000000000001
8 12
8 12.8
8 13.600000000000001
8 14.4
8 15.200000000000001
8 16
8 16.8
8 17.6
8 18.400000000000002
8 19.200000000000003
8 20
8 20.8
8 21.6
8 22.400000000000002
8 23.200000000000003
8 24
8 24.8
8 25.6
8.8 0
8.8 0.8
8.8 1.6
8.8 2.4000000000000004
8.8 3.2
8.8 4
8.8 4.800000000000001
8.8 5.6000000000000005
8.8 6.4
8.8 7.2
8.8 8
8.8 8.8
8.8 9.600000000000001
8.8 10.4
8.8 11.200000000000001
8.8 12
8.8 12.8
8.8 13.600000000000001
8.8 14.4
8.8 15.200000000000001
8.8 16
8.8 16.8
8.8 17.6
8.8 18.400000000000002
8.8 19.200000000000003
8.8 20
8.8 20.8
8.8 21.6
8.8 22.400000000000002
8.8 23.200000000000003
8.8 24
8.8 24.8
8.8 25.6
9.600000000000001 0
9.600000000000001 0.8
9.600000000000001 1.6
9.600000000000001 2.4000000000000004
9.600000000000001 3.2
9.600000000000001 4
9.600000000000001 4.800000000000001
9.600000000000001 5.6000000000000005
9.600000000000001 6.4
9.600000000000001 7.2
9.600000000000001 8
9.600000000000001 8.8
9.600000000000001 9.600000000000001
9.600000000000001 10.4
9.600000000000001 11.200000000000001
9.600000000000001 12
9.600000000000001 12.8
9.600000000000001 13.600000000000001
9.600000000000001 14.4
9.600000000000001 15.200000000000001
9.600000000000001 16
9.600000000000001 16.8
9.600000000000001 17.6
9.600000000000001 18.400000000000002
9.600000000000001 19.200000000000003
9.600000000000001 20
9.600000000000001 20.8
9.600000000000001 21.6
9.600000000000001 22.400000000000002
9.600000000000001 23.200000000000003
9.600000000000001 24
9.600000000000001 24.8
9.600000000000001 25.6
10.4 0
10.4 0.8
10.4 1.6
10.4 2.4000000000000004
10.4 3.2
10.4 4
10.4 4.800000000000001
10.4 5.6000000000000005
10.4 6.4
10.4 7.2
10.4 8
10.4 8.8
10.4 9.600000000000001
10.4 10.4
10.4 11.200000000000001
10.4 12
10.4 12.8
10.4 13.600000000000001
10.4 14.4
10.4 15.200000000000001
10.4 16
10.4 16.8
10.4 17.6
10.4 18.400000000000002
10.4 19.200000000000003
10.4 20
10.4 20.8
10.4 21.6
10.4 22.400000000000002
10.4 23.200000000000003
10.4 24
10.4 24.8
10.4 25.6
11.200000000000001 0
11.200000000000001 0.8
11.200000000000001 1.6
11.200000000000001 2.4000000000000004
11.200000000000001 3.2
11.200000000000001 4
11.200000000000001 4.800000000000001
11.200000000000001 5.6000000000000005
11.200000000000001 6.4
11.200000000000001 7.2
11.200000000000001 8
11.200000000000001 8.8
11.200000000000001 9.600000000000001
11.200000000000001 10.4
11.200000000000001 11.200000000000001
11.200000000000001 12
11.200000000000001 12.8
11.200000000000001 13.600000000000001
11.200000000000001 14.4
11.200000000000001 15.200000000000001
11.200000000000001 16
11.200000000000001 16.8
11.200000000000001 17.6
11.200000000000001 18.400000000000002
11.200000000000001 19.200000000000003
11.200000000000001 20
11.200000000000001 20.8
11.200000000000001 21.6
11.200000000000001 22.400000000000002
11.200000000000001 23.200000000000003
11.200000000000001 24
11.200000000000001 24.8
11.200000000000001 25.6
12 0
12 0.8
12 1.6
12 2.4000000000000004
12 3.2
12 4
12 4.800000000000001
12 5.6000000000000005
12 6.4
12 7.2
12 8
12 8.8
12 9.600000000000001
12 10.4
12 11.200000000000001
12 12
12 12.8
12 13.600000000000001
12 14.4
12 15.200000000000001
12 16
12 16.8
12 17.6
12 18.400000000000002
12 19.200000000000003
12 20
12 20.8
12 21.6
12 22.400000000000002
12 23.200000000000003
12 24
12 24.8
12 25.6
12.8 0
12.8 0.8
12.8 1.6
12.8 2.4000000000000004
12.8 3.2
12.8 4
12.8 4.800000000000001
12.8 5.6000000000000005
12.8 6.4
12.8 7.2
12.8 8
12.8 8.8
12.8 9.600000000000001
12.8 10.4
12.8 11.200000000000001
12.8 12
12.8 12.8
12.8 13.600000000000001
12.8 14.4
12.8 15.200000000000001
12.8 16
12.8 16.8
12.8 17.6
12.8 18.400000000000002
12.8 19.200000000000003
12.8 20
12.8 20.8
12.8 21.6
12.8 22.400000000000002
12.8 23.200000000000003
12.8 24
12.8 24.8
12.8 25.6
13.600000000000001 0
13.600000000000001 0.8
13.600000000000001 1.6
13.600000000000001 2.4000000000000004
13.600000000000001 3.2
13.600000000000001 4
13.600000000000001 4.800000000000001
13.600000000000001 5.6000000000000005
13.600000000000001 6.4
13.600000000000001 7.2
13.600000000000001 8
13.600000000000001 8.8
13.600000000000001 9.600000000000001
13.600000000000001 10.4
13.600000000000001 11.200000000000001
13.600000000000001 12
13.600000000000001 12.8
13.600000000000001 13.600000000000001
13.600000000000001 14.4
13.600000000000001 15.200000000000001
13.600000000000001 16
13.600000000000001 16.8
13.600000000000001 17.6
13.600000000000001 18.400000000000002
13.600000000000001 19.200000000000003
13.600000000000001 20
13.600000000000001 20.8
13.600000000000001 21.6
13.600000000000001 22.400000000000002
13.600000000000001 23.200000000000003
13.600000000000001 24
13.600000000000001 24.8
13.600000000000001 25.6
14.4 0
14.4 0.8
14.4 1.6
14.4 2.4000000000000004
14.4 3.2
14.4 4
14.4 4.800000000000001
14.4 5.6000000000000005
14.4 6.4
14.4 7.2
14.4 8
14.4 8.8
14.4 9.600000000000001
14.4 10.4
14.4 11.200000000000001
14.4 12
14.4 12.8
14.4 13.600000000000001
14.4 14.4
14.4 15.200000000000001
14.4 16
14.4 16.8
14.4 17.6
14.4 18.400000000000002
14.4 19.200000000000003
14.4 20
14.4 20.8
14.4 21.6
14.4 22.400000000000002
14.4 23.200000000000003
14.4 24
14.4 24.8
14.4 25.6
15.200000000000001 0
15.200000000000001 0.8
15.200000000000001 1.6
15.200000000000001 2.4000000000000004
15.200000000000001 3.2
15.200000000000001 4
15.200000000000001 4.800000000000001
15.200000000000001 5.6000000000000005
15.200000000000001 6.4
15.200000000000001 7.2
15.200000000000001 8
15.200000000000001 8.8
15.200000000000001 9.600000000000001
15.200000000000001 10.4
15.200000000000001 11.200000000000001
15.200000000000001 12
15.200000000000001 12.8
15.200000000000001 13.600000000000001
15.200000000000001 14.4
15.200000000000001 15.200000000000001
15.200000000000001 16
15.200000000000001 16.8
15.200000000000001 17.6
15.200000000000001 18.400000000000002
15.200000000000001 19.200000000000003
15.200000000000001 20
15.200000000000001 20.8
15.200000000000001 21.6
15.200000000000001 22.400000000000002
15.200000000000001 23.200000000000003
15.200000000000001 24
15.200000000000001 24.8
15.200000000000001 25.6
16 0
16 0.8
16 1.6
16 2.4000000000000004
16 3.2
16 4
16 4.800000000000001
16 5.6000000000000005
16 6.4
16 7.2
16 8
16 8.8
16 9.600000000000001
16 10.4
16 11.200000000000001
16 12
16 12.8
16 13.600000000000001
16 14.4
16 15.200000000000001
16 16
16 16.8
16 17.6
16 18.400000000000002
16 19.200000000000003
16 20
16 20.8
16 21.6
16 22.400000000000002
16 23.200000000000003
16 24
16 24.8
16 25.6
16.8 0
16.8 0.8
16.8 1.6
16.8 2.4000000000000004
16.8 3.2
16.8 4
16.8 4.800000000000001
16.8 5.6000000000000005
16.8 6.4
16.8 7.2
16.8 8
16.8 8.8
16.8 9.600000000000001
16.8 10.4
16.8 11.200000000000001
16.8 12
16.8 12.8
16.8 13.600000000000001
16.8 14.4
16.8 15.200000000000001
16.8 16
16.8 16.8
16.8 17.6
16.8 18.400000000000002
16.8 19.200000000000003
16.8 20
16.8 20.8
16.8 21.6
16.8 22.400000000000002
16.8 23.200000000000003
16.8 24
16.8 24.8
16.8 25.6
17.6 0
17.6 0.8
17.6 1.6
17.6 2.4000000000000004
17.6 3.2
17.6 4
17.6 4.800000000000001
17.6 5.6000000000000005
17.6 6.4
17.6 7.2
17.6 8
17.6 8.8
17.6 9.600000000000001
17.6 10.4
17.6 11.200000000000001
17.6 12
17.6 12.8
17.6 13.600000000000001
17.6 14.4
17.6 15.200000000000001
17.6 16
17.6 16.8
17.6 17.6
17.6 18.400000000000002
17.6 19.200000000000003
17.6 20
17.6 20.8
17.6 21.6
17.6 22.400000000000002
17.6 23.200000000000003
17.6 24
17.6 24.8
17.6 25.6
18.400000000000002 0
18.400000000000002 0.8
18.400000000000002 1.6
18.400000000000002 2.4000000000000004
18.400000000000002 3.2
18.400000000000002 4
18.400000000000002 4.800000000000001
18.400000000000002 5.6000000000000005
18.400000000000002 6.4
18.400000000000002 7.2
18.400000000000002 8
18.400000000000002 8.8
18.400000000000002 9.600000000000001
18.400000000000002 10.4
18.400000000000002 11.200000000000001
18.400000000000002 12
18.400000000000002 12.8
18.400000000000002 13.600000000000001
18.400000000000002 14.4
18.400000000000002 15.200000000000001
18.400000000000002 16
18.400000000000002 16.8
18.400000000000002 17.6
18.400000000000002 18.400000000000002
18.400000000000002 19.200000000000003
18.400000000000002 20
18.400000000000002 20.8
18.400000000000002 21.6
18.400000000000002 22.400000000000002
18.400000000000002 23.200000000000003
18.400000000000002 24
18.400000000000002 24.8
18.400000000000002 25.6
19.200000000000003 0
19.200000000000003 0.8
19.200000000000003 1.6
19.200000000000003 2.4000000000000004
19.200000000000003 3.2
19.200000000000003 4
19.200000000000003 4.800000000000001
19.200000000000003 5.6000000000000005
19.200000000000003 6.4
19.200000000000003 7.2
19.200000000000003 8
19.200000000000003 8.8
19.200000000000003 9.600000000000001
19.200000000000003 10.4
19.200000000000003 11.200000000000001
19.200000000000003 12
19.200000000000003 12.8
19.200000000000003 13.600000000000001
19.200000000000003 14.4
19.200000000000003 15.200000000000001
19.200000000000003 16
19.200000000000003 16.8
19.200000000000003 17.6
19.200000000000003 18.400000000000002
19.200000000000003 19.200000000000003
19.200000000000003 20
19.200000000000003 20.8
19.200000000000003 21.6
19.200000000000003 22.400000000000002
19.200000000000003 23.200000000000003
19.200000000000003 24
19.200000000000003 24.8
19.200000000000003 25.6
20 0
20 0.8
20 1.6
20 2.4000000000000004
20 3.2
20 4
20 4.800000000000001
20 5.6000000000000005
20 6.4
20 7.2
20 8
20 8.8
20 9.600000000000001
20 10.4
20 11.200000000000001
20 12
20 12.8
20 13.600000000000001
20 14.4
20 15.200000000000001
20 16
20 16.8
20 17.6
20 18.400000000000002
20 19.200000000000003
20 20
20 20.8
20 21.6
20 22.400000000000002
20 23.200000000000003
20 24
20 24.8
20 25.6
20.8 0
20.8 0.8
20.8 1.6
20.8 2.4000000000000004
20.8 3.2
20.8 4
20.8 4.800000000000001
20.8 5.6000000000000005
20.8 6.4
20.8 7.2
20.8 8
20.8 8.8
20.8 9.600000000000001
20.8 10.4
20.8 11.200000000000001
20.8 12
20.8 12.8
20.8 13.600000000000001
20.8 14.4
20.8 15.200000000000001
20.8 16
20.8 16.8
20.8 17.6
20.8 18.400000000000002
20.8 19.200000000000003
20.8 20
20.8 20.8
20.8 21.6
20.8 22.400000000000002
20.8 23.200000000000003
20.8 24
20.8 24.8
20.8 25.6
21.6 0
21.6 0.8
21.6 1.6
21.6 2.4000000000000004
21.6 3.2
21.6 4
21.6 4.800000000000001
21.6 5.6000000000000005
21.6 6.4
21.6 7.2
21.6 8
21.6 8.8
21.6 9.600000000000001
21.6 10.4
21.6 11.200000000000001
21.6 12
21.6 12.8
21.6 13.600000000000001
21.6 14.4
21.6 15.200000000000001
21.6 16
21.6 16.8
21.6 17.6
21.6 18.400000000000002
21.6 19.200000000000003
21.6 20
21.6 20.8
21.6 21.6
21.6 22.400000000000002
21.6 23.200000000000003
21.6 24
21.6 24.8
21.6 25.6
22.400000000000002 0
22.400000000000002 0.8
22.400000000000002 1.6
22.400000000000002 2.4000000000000004
22.400000000000002 3.2
22.400000000000002 4
22.400000000000002 4.800000000000001
22.400000000000002 5.6000000000000005
22.400000000000002 6.4
22.400000000000002 7.2
22.400000000000002 8
22.400000000000002 8.8
22.400000000000002 9.600000000000001
22.400000000000002 10.4
22.400000000000002 11.200000000000001
22.400000000000002 12
22.400000000000002 12.8
22.400000000000002 13.600000000000001
22.400000000000002 14.4
22.400000000000002 15.200000000000001
22.400000000000002 16
22.400000000000002 16.8
22.400000000000002 17.6
22.400000000000002 18.400000000000002
22.400000000000002 19.200000000000003
22.400000000000002 20
22.400000000000002 20.8
22.400000000000002 21.6
22.400000000000002 22.400000000000002
22.400000000000002 23.200000000000003
22.400000000000002 24
22.400000000000002 24.8
22.400000000000002 25.6
23.200000000000003 0
23.200000000000003 0.8
23.200000000000003 1.6
23.200000000000003 2.4000000000000004
23.200000000000003 3.2
23.200000000000003 4
23.200000000000003 4.800000000000001
23.200000000000003 5.6000000000000005
23.200000000000003 6.4
23.200000000000003 7.2
23.200000000000003 8
23.200000000000003 8.8
23.200000000000003 9.600000000000001
23.200000000000003 10.4
23.200000000000003 11.200000000000001
23.200000000000003 12
23.200000000000003 12.8
23.200000000000003 13.600000000000001
23.200000000000003 14.4
23.200000000000003 15.200000000000001
23.200000000000003 16
23.200000000000003 16.8
23.200000000000003 17.6
23.200000000000003 18.400000000000002
23.200000000000003 19.200000000000003
23.200000000000003 20
23.200000000000003 20.8
23.200000000000003 21.6
23.200000000000003 22.400000000000002
23.200000000000003 23.200000000000003
23.200000000000003 24
23.200000000000003 24.8
23.200000000000003 25.6
24 0
24 0.8
24 1.6
24 2.4000000000000004
24 3.2
24 4
24 4.800000000000001
24 5.6000000000000005
24 6.4
24 7.2
24 8
24 8.8
24 9.600000000000001
24 10.4
24 11.200000000000001
24 12
24 12.8
24 13.600000000000001
24 14.4
24 15.200000000000001
24 16
24 16.8
24 17.6
24 18.400000000000002
24 19.200000000000003
24 20
24 20.8
24 21.6
24 22.400000000000002
24 23.200000000000003
24 24
24 24.8
24 25.6
24.8 0
24.8 0.8
24.8 1.6
24.8 2.4000000000000004
24.8 3.2
24.8 4
24.8 4.800000000000001
24.8 5.6000000000000005
24.8 6.4
24.8 7.2
24.8 8
24.8 8.8
24.8 9.600000000000001
24.8 10.4
24.8 11.200000000000001
24.8 12
24.8 12.8
24.8 13.600000000000001
24.8 14.4
24.8 15.200000000000001
24.8 16
24.8 16.8
24.8 17.6
24.8 18.400000000000002
24.8 19.200000000000003
24.8 20
24.8 20.8
24.8 21.6
24.8 22.400000000000002
24.8 23.200000000000003
24.8 24
24.8 24.8
24.8 25.6
25.6 0
25.6 0.8
25.6 1.6
25.6 2.4000000000000004
25.6 3.2
25.6 4
25.6 4.800000000000001
25.6 5.6000000000000005
25.6 6.4
25.6 7.2
25.6 8
25.6 8.8
25.6 9.600000000000001
25.6 10.4
25.6 11.200000000000001
25.6 12
25.6 12.8
25.6 13.600000000000001
25.6 14.4
25.6 15.200000000000001
25.6 16
25.6 16.8
25.6 17.6
25.6 18.400000000000002
25.6 19.200000000000003
25.6 20
25.6 20.8
25.6 21.6
25.6 22.400000000000002
25.6 23.200000000000003
25.6 24
25.6 24.8
25.6 25.6
