0
0
0
0
0
0
0
0
0
0
0
0
0
0
0
0
0
0
0
0
0
0
0
0
0
0
0
0
0
0
0
0
0
0
0
0
0
0
0
0
0
0.00000011633471075356283
0.00000018613553720570053
0.0000002552149815926441
0.00000032330532917512755
0.0000003901427305663674
0.0000004554681041213371
0.0000005190282834632853
0.000000580576980269143
0.0000006398755871828143
0.0000006966944070541103
0.0000007508131290023812
0.0000008020220789717314
0.0000008501227455326443
0.0000008949287604309575
0.0000009362664172840596
0.0000009739755668647376
0.0000010079100718485279
0.0000010379383823533317
0.0000010639441256898863
0.0000010858265397928335
0.0000011035008213866604
0.000001116898459940785
0.0000011259675147812231
0.0000011306728495696916
0.0000011309962459904455
0.0000011269364890154066
0.0000011185092034793342
0.0000011057471169806377
0.0000010886997117154351
0.0000010674330255255882
0.0000010420294671575903
0.0000010125874965183357
0.000000979221276509179
0.0000009420600264320456
0.0000009012478088266107
0.0000008569427691895726
0.0000008093166599110191
0.0000007585540160448545
0.0000007048515726637561
0.0000006484174903675921
0.0000005894704457887201
0.0000002319521765770105
0.0000003711234839443023
0.0000005088565018240843
0.0000006446174261043325
0.0000007778801034419303
0.000000908128079402104
0.000001034856595083511
0.0000011575745091363387
0.0000012758061913586971
0.000001389093448267431
0.0000014969972355061145
0.0000015990993986747526
0.0000016950041583640996
0.0000017843399291450623
0.000001866760442226223
0.000001941946280226148
0.0000020096060424634743
0.0000020694775102469976
0.0000021213287269006287
0.0000021649586230410023
0.0000022001981676567084
0.0000022269108299610707
0.0000022449930554557795
0.0000022543747348890975
0.000002255019559527227
0.000002246924978521747
0.0000022301224049670054
0.000002204676974315589
0.0000021706872175286662
0.0000021282849544945748
0.000002077634491115532
0.0000020189320935060096
0.00000195240529876628
0.0000018783119202225862
0.0000017969390952998765
0.0000017086022054968453
0.000001613643597409009
0.000001512431317962637
0.0000014053575441153043
0.0000012928372825626866
0.0000011753066182507155
0.00000034613958455054217
0.000000553823333859782
0.0000007593607271871861
0.0000009619551910589053
0.0000011608215793046384
0.0000013551891449026243
0.0000015443046557095386
0.0000017274351904461582
0.0000019038709879737326
0.0000020729282823594986
0.0000022339518750413845
0.0000023863177460725638
0.0000025294353562799188
0.0000026627500986364794
0.000002785745266464801
0.000002897944206381453
0.0000029989121301809973
0.0000030882576425028674
0.000003165634566926201
0.0000032307429975730884
0.0000032833305709800698
0.0000033231935958610848
0.0000033501774652222593
0.000003364177658227163
0.0000033651398965162116
0.0000033530604639508965
0.00000332798617108665
0.0000032900142201697236
0.000003239291750389839
0.000003176015319183989
0.000003100430191693704
0.0000030128292891618003
0.0000029135521231182793
0.000002802983416927418
0.000002681551663386017
0.000002549727554423953
0.0000024080218850031088
0.000002256983929527223
0.00000209719897981131
0.00000192928629871858
0.0000017538966332608652
0.0000004581929182734257
0.0000007331086688822097
0.0000010051832433077834
0.000001273362183695781
0.0000015366062058319585
0.0000017938950165330425
0.0000020442315786795007
0.0000022866456710346483
0.0000025201977784661267
0.0000027439828116371245
0.00000295713345010995
0.0000031588236240054357
0.00000334827171144525
0.0000035247435050678178
0.000003687555057751979
0.0000038360753720212415
0.000003969728922470495
0.0000040879976523910955
0.000004190423261718479
0.000004276608770226176
0.000004346220173090387
0.000004398987741183191
0.0000044347069234618175
0.000004453239284885058
0.000004454513032214891
0.000004438523205863021
0.000004405331793577716
0.000004355067439121285
0.000004287924937784737
0.000004204164497423335
0.000004104110736591338
0.00000398815137003794
0.000003856735879992357
0.000003710373555065871
0.000003549631593102731
0.000003375132944682946
0.000003187553961225831
0.0000029876215243973547
0.000002776110502367146
0.0000025538406269731695
0.000002321673296279414
0.0000005674213490181046
0.0000009078741562973391
0.0000012448084767413548
0.0000015769184962266536
0.0000019029171269835388
0.0000022215409600789826
0.0000025315551432925076
0.0000028317582163595034
0.000003120986718840868
0.0000033981197482546577
0.000003662083297939489
0.000003911854324911701
0.000004146464910093073
0.000004365005715101233
0.0000045666298298385755
0.000004750555852695015
0.000004916070992067034
0.000005062533780630929
0.000005189376565795101
0.000005296107801200378
0.0000053823138870257026
0.000005447660669233301
0.00000549189493170843
0.000005514845234699806
0.000005516422618256911
0.0000054966210143447825
0.000005455517111840891
0.000005393270228637448
0.000005310121643731236
0.00000520639356693664
0.000005082488030438981
0.000004938885222571798
0.000004776141619089458
0.000004594888014963772
0.000004395826845637885
0.000004179729540254584
0.000003947433658169075
0.000003699839410842287
0.000003437906382686151
0.0000031626496763692558
0.000002875136068780648
0.0000006731514332614097
0.0000010770422935735269
0.0000014767590457154256
0.0000018707525732963859
0.0000022574959537280392
0.0000026354903468472912
0.000003003270816037684
0.0000033594120232294244
0.0000037025337427110117
0.000004031306200857898
0.000004344455209803755
0.000004640767183872185
0.000004919093736788227
0.000005178356175861154
0.000005417549797215315
0.0000056357475664015055
0.000005832103877168038
0.00000600585770627049
0.000006156335683016323
0.0000062829546223497346
0.0000063852238270101225
0.00000646274699533933
0.0000065152235748655585
0.000006542450314839243
0.0000065443216286098504
0.000006520830268641475
0.000006472067319407415
0.000006398221689352113
0.000006299579709434511
0.00000617652349887976
0.000006029530112527937
0.00000585916913564688
0.000005666100847179223
0.000005451073484152857
0.000005214920371088283
0.0000049585567545307185
0.000004682976136649586
0.000004389246583968998
0.000004078506410820637
0.0000037519599231927714
0.000003410872658093922
0.000000774731315544841
0.000001239570105227017
0.0000016996049048145778
0.0000021530528382385228
0.0000025981565521249195
0.0000030331910565450926
0.000003456470317075855
0.000003866353949888435
0.000004261253412352062
0.000004639638280679037
0.000005000042087033307
0.000005341068121111903
0.000005661394695266608
0.000005959780384756641
0.000006235068788384979
0.000006486193012023023
0.000006712179850154598
0.000006912153505567176
0.000007085338921797302
0.000007231064920176777
0.0000073487667613392205
0.000007437988273295559
0.000007498383716608714
0.000007529719020737957
0.0000075318726935336144
0.000007504836474936383
0.000007448715074076517
0.000007363726030717999
0.000007250198727604129
0.0000071085731327968915
0.000006939398133454233
0.000006743329350911154
0.00000652112666443827
0.0000062736512660421795
0.000006001862171700623
0.0000057068127574666505
0.000005389646506870349
0.000005051592570026742
0.000004693961106028155
0.0000043181381244039585
0.000003925580109864768
0.0000008715347252774563
0.000001394455559911023
0.0000019119721379468047
0.00000242207881662182
0.00000292279866620504
0.000003412191134088971
0.00000388835954012734
0.000004349458521346605
0.0000047937010378973355
0.000005219365437625356
0.000005624802064119194
0.000006008439616067562
0.000006368791307664878
0.000006704460552953151
0.000007014146515160746
0.000007296648959709273
0.000007550873068140618
0.00000777583358768652
0.000007970658682410203
0.000008134593279862656
0.000008267002066020268
0.000008367371908235555
0.000008435313819887824
0.000008470564505813627
0.000008472987314434022
0.000008442572863032183
0.000008379439048411541
0.000008283830538857728
0.000008156117896618298
0.000007996796028919562
0.0000078064824506896
0.000007585914719498987
0.000007335947604047988
0.000007057549883171532
0.000006751800498250304
0.000006419884378772167
0.000006063087898411368
0.0000056827938088588326
0.000005280475967595066
0.000004857693536308716
0.0000044160850336538715
0.0000009629648287656778
0.0000015407437254921774
0.0000021125514209074936
0.0000026761718778800514
0.000003229420732608901
0.000003770153899296247
0.00000429627574760616
0.000004805747224168044
0.000005296593897696766
0.0000057669134960747215
0.000006214883253363723
0.000006638767057864925
0.0000070369221631949586
0.000007407805487247288
0.00000774997968022717
0.000008062118617147007
0.000008343012616762735
0.000008591573077865178
0.000008806836675034901
0.000008987969170703991
0.000009134268566413084
0.000009245167923666031
0.000009320237417398403
0.000009359186112334328
0.000009361863096302159
0.000009328257966956244
0.000009258500956121907
0.000009152862467942668
0.000009011751867404882
0.000008835716041488695
0.00000862543722135456
0.000008381730356887829
0.000008105539940572726
0.000007797936351749968
0.000007460111710599904
0.000007093375298694582
0.00000669914834361407
0.000006278958746719354
0.000005834434922746823
0.000005367299657166313
0.000004879363324050701
0.0000010484579355818369
0.0000016775326976414817
0.0000023001061268956846
0.000002913765445811123
0.0000035161323683752244
0.000004104872431298645
0.000004677703955735524
0.000005232406898869613
0.000005766831495890301
0.000006278906610646118
0.000006766647626221811
0.0000072281643319627165
0.000007661668099956387
0.000008065478841245977
0.000008438031635193965
0.000008777882634092293
0.000009083714726187964
0.000009354342651590741
0.00000958871760659008
0.00000978593125822158
0.000009945219282769813
0.000010065964399785798
0.000010147698624507484
0.0000101901052573794
0.000010193019878812493
0.000010156431255126108
0.000010080481160912313
0.00000996546394205211
0.000009811825385952488
0.0000096201609238733
0.00000939121330034709
0.000009125869848247703
0.000008825158943182032
0.000008490245964054566
0.00000812242886283343
0.000007723133187198528
0.000007293906335803513
0.000006836411820643207
0.000006352422666111579
0.000005843814594896912
0.000005312558725378835
0.0000011274869518018704
0.0000018039791225277213
0.0000024734799239922722
0.0000031333946743927754
0.0000037811658852859864
0.000004414283065301561
0.000005030292557606231
0.000005626807048741966
0.000006201514658243923
0.000006752188145497939
0.000007276693349211882
0.000007772997545174576
0.00000823917725867318
0.000008673425849536898
0.000009074060336899947
0.00000943952808540871
0.000009768412684962868
0.000010059439595977437
0.000010311480913571813
0.00001052355978004016
0.000010694854406523291
0.000010824700854783487
0.000010912595929113422
0.000010958198984667433
0.000010961333323677991
0.000010921986767442604
0.000010840311826854077
0.000010716625045148476
0.000010551405772218914
0.000010345294281677297
0.000010099089426063301
0.000009813745339926072
0.000009490367922637688
0.000009130210386842919
0.000008734668547560887
0.000008305275365216858
0.00000784369493800341
0.000007351716128312091
0.0000068312456136254696
0.000006284300479109106
0.000005713000435392246
0.000001199564635623318
0.0000019193034166420375
0.0000026316038850282553
0.0000033337054983206826
0.000004022887244659046
0.000004696478161037021
0.000005351867772063201
0.000005986516043776646
0.000006597963430721165
0.0000071838402320167916
0.000007741875851507984
0.000008269907645797048
0.000008765889173645292
0.000009227898289054792
0.00000965414443854229
0.000010042975684854127
0.000010392885151588871
0.000010702516732408185
0.0000109706704840562
0.00001119630710633146
0.000011378552198237912
0.00001151669943055822
0.000011610213419999127
0.000011658731807528966
0.000011662066498274726
0.000011620204613649321
0.000011533308377664753
0.000011401714573366917
0.00001122593317859355
0.000011006645483035982
0.000010744701288700753
0.00001044111582970686
0.000010097065612058032
0.000009713884033146769
0.000009293056113079956
0.000008836212789020692
0.000008345124555830807
0.000007821694666176882
0.000007267951655620664
0.000006686041562176115
0.000006078219600524903
0.0000012642466034051836
0.0000020227945656259294
0.000002773503131159316
0.0000035134629072786083
0.000004239806154160419
0.0000049497179173130235
0.000005640446909538355
0.000006309316201935644
0.000006953733556969155
0.000007571201532385885
0.000008159327116175064
0.000008715830997374496
0.000009238556483381899
0.000009725477646327363
0.000010174707515631098
0.000010584505030664104
0.000010953282046699542
0.000011279609331893425
0.000011562222219652085
0.000011800025454533625
0.000011992097398660917
0.000012137693708780262
0.000012236250100272628
0.000012287384638653975
0.000012290899146449874
0.000012246780034530502
0.000012155198252372656
0.000012016508748047272
0.000011831249011606815
0.000011600137050038484
0.000011324068537987841
0.000011004113346757549
0.000010641511526188197
0.000010237668345070006
0.000009794148887465326
0.000009312672034411662
0.000008795103731529252
0.000008243449855172003
0.000007659848353824827
0.000007046560963175352
0.000006405964512623541
0.000001321134070142449
0.000002113814511872647
0.000002898302808418407
0.0000036715586446689485
0.000004430585258674569
0.000005172441012391005
0.000005894250833193837
0.000006593217312556021
0.000007266631602220741
0.000007911883862732338
0.000008526473408210222
0.000009108018375059146
0.000009654264975011984
0.000010163096227699953
0.000010632540142552216
0.000011060777353577578
0.000011446148288740687
0.000011787159369447409
0.000012082489043052647
0.000012330992721132361
0.000012531707344720644
0.000012683855100448227
0.000012786846227186288
0.000012840281673476284
0.000012843954333874308
0.00001279784997265665
0.00001270214727000507
0.000012557217157649347
0.00001236362123435697
0.000012122109904311174
0.000011833619108614357
0.000011499266854286816
0.000011120349007853747
0.000010698334037329005
0.000010234857469981762
0.000009731715525873597
0.000009190858140328828
0.000008614381428628803
0.000008004519521875864
0.000007363635965873527
0.000006694214516045349
0.0000013698763066116726
0.000002191802090045769
0.0000030052334851760065
0.00000380701801461214
0.000004594048332862144
0.000005363274290459685
0.0000061117147289735385
0.000006836469065518713
0.000007534728441171978
0.000008203786794780399
0.000008841051155172863
0.000009444051791263064
0.000010010451749309368
0.000010538055931874624
0.000011024819624338988
0.000011468856339291733
0.000011868445220386548
0.000012222037650388984
0.000012528263273026141
0.000012785935325609898
0.000012994055161641427
0.000013151816261824933
0.000013258607204136297
0.00001331401409032651
0.000013317822261882384
0.000013270016886224312
0.00001317078332263577
0.000013020506123950781
0.000012819767658101
0.000012569345933854947
0.000012270211460219116
0.000011923523562273886
0.000011530625823041873
0.000011093040921394959
0.000010612464741655003
0.000010090759758440981
0.000009529947856634635
0.00000893220247633053
0.00000829984019290464
0.000007635311726872374
0.000006941192477682989
0.0000014101728007531733
0.0000022562764812050773
0.0000030936358950128806
0.000003919005838959322
0.000004729187567775739
0.000005521041195777343
0.0000062914978737893534
0.000007037571677415144
0.000007756371189771016
0.000008445110658783506
0.000009101120898691306
0.000009721859481004458
0.00001030492074249878
0.000010848045032929576
0.000011349127433391004
0.000011806226005717235
0.000012217569242523041
0.000012581563012759034
0.000012896796604877636
0.000013162048372095114
0.000013376290297628657
0.000013538692119396956
0.000013648624438644674
0.000013705661210394737
0.000013709581367038481
0.000013660369777568349
0.000013558217130338335
0.000013403519343313519
0.000013196875912058204
0.000012939087756791423
0.000012631153907705084
0.000012274267785272741
0.000011869812500009402
0.000011419355526953723
0.000010924642637633042
0.000010387591096616688
0.00000981028228252967
0.000009194953529245709
0.000008543989578058131
0.000007859913239371963
0.000007145375670702947
0.0000014417751086348574
0.0000023068401739934075
0.000003162965015235386
0.0000040068316939922966
0.000004835169791661542
0.000005644769057511212
0.0000064324918493952055
0.000007195285343541968
0.000007930193318017587
0.000008634367603121973
0.000009305079188948184
0.00000993972867391335
0.00001053585646815236
0.000011091152291697881
0.000011603464091791693
0.000012070806345576557
0.00001249136787961902
0.000012863518833228227
0.000013185816900573855
0.000013457013032791565
0.000013676056177303053
0.000013842097466465475
0.00001395449336882848
0.000014012808332353188
0.000014016816365369777
0.000013966501917650476
0.000013862060022518108
0.000013703895408667677
0.000013492621057764609
0.000013229055806363021
0.000012914221080961852
0.000012549337061074084
0.000012135817829772577
0.000011675266023303266
0.000011169466493043956
0.000010620379509163058
0.000010030133047678191
0.000009401014635201932
0.000008735462408537842
0.00000803605576749078
0.000007305505240751131
0.0000014644883972181333
0.0000023431814355490133
0.0000032127934064263286
0.000004069954100849316
0.000004911341582314321
0.000005733695019216611
0.000006533827363597311
0.000007308637686165298
0.000008055123174699474
0.000008770390806489559
0.000009451668564253168
0.000010096316131580352
0.000010701835162052475
0.00001126587893196529
0.000011786261531199216
0.000012260966165911213
0.000012688153098849853
0.000013066166786757094
0.000013393542232620348
0.000013669010698436068
0.000013891504597296489
0.000014060161646511915
0.000014174328214267007
0.000014233561863363775
0.000014237633038760578
0.000014186525945092399
0.000014080438681673968
0.00001391978240050662
0.000013705179718215277
0.00001343746232862486
0.000013117667794659837
0.000012747035494697911
0.000012327001812195704
0.000011859194607666268
0.000011345426866427033
0.000010787689735280992
0.000010188144706546609
0.000009549115349116732
0.00000887307822239336
0.000008162653347909554
0.0000074205939508686924
0.0000014781726243029425
0.000002365076198884708
0.0000032428138556639396
0.000004107983896162182
0.000004957233324276444
0.000005787270858093052
0.000006594879669918896
0.000007376929843871949
0.000008130390497740336
0.00000885234164016424
0.00000953998527108979
0.000010190656439590384
0.00001080183345791852
0.000011371147682126548
0.000011896392742016815
0.000012375533025021923
0.00001280671162007252
0.000013188257486973498
0.000013518691947211892
0.00001379673440027318
0.00001402130728322959
0.000014191540245178658
0.000014306773600480938
0.00001436656073039444
0.000014370669948249315
0.000014319085305913859
0.000014212006778535624
0.00001404984930886144
0.000013833241368388371
0.000013563022410068015
0.000013240239713496749
0.000012866144206924446
0.00001244218572793443
0.000011970007321338016
0.000011451438918896883
0.000010888490255211991
0.0000102833430801752
0.000009638342602258376
0.000008955988576531126
0.000008238925447656698
0.000007489932226434348
0.0000014827434275943574
0.000002372389483973336
0.0000032528412772236948
0.000004120686599051737
0.000004972562075877818
0.000005805166242822679
0.00000661527233702941
0.000007399740773905705
0.000008155531286746509
0.000008879714833653907
0.000009569484790361571
0.000010222167976081664
0.000010835234860451237
0.000011406309532446812
0.00001193317875092248
0.000012413800625665772
0.00001284631249376389
0.000013229038188455888
0.00001356049442335916
0.000013839396633130718
0.000014064663929502785
0.000014235423311248496
0.000014351012993074619
0.00001441098498133897
0.000014415106914356102
0.000014363362765834609
0.000014255953118436082
0.000014093294215200558
0.00001387601648517034
0.00001360496196767258
0.000013281181164614964
0.000012905928866047134
0.000012480659425051499
0.000012007020934845514
0.000011486849054165305
0.000010922159642490215
0.000010315141198091737
0.000009668146276453626
0.000008983682267427184
0.000008264401845536895
0.00000751309258539834
0.0000014781726247470317
0.0000023650761997728864
0.000003242813853887583
0.000004107983895274003
0.000004957233317171017
0.000005787270856316695
0.000006594879666366182
0.000007376929838542878
0.000008130390499516693
0.000008852341636611527
0.000009539985262208006
0.000010190656439590384
0.00001080183345791852
0.000011371147696337403
0.000011896392724253246
0.000012375533025021923
0.00001280671159165081
0.000013188257486973498
0.000013518691940106464
0.000013796734375404185
0.000014021307261913307
0.000014191540245178658
0.000014306773600480938
0.000014366560712630871
0.000014370669926933033
0.000014319085305913859
0.00001421200677498291
0.000014049849294650585
0.000013833241361282944
0.000013563022406515302
0.000013240239702838608
0.000012866144217582587
0.000012442185695960006
0.000011970007307127162
0.000011451438897580601
0.000010888490269422846
0.000010283343067740702
0.000009638342604034733
0.000008955988564096629
0.000008238925444103984
0.000007489932221105278
0.0000014644883918890628
0.000002343181426667229
0.000003212793402873615
0.000004069954104402029
0.000004911341575208894
0.000005733695012111184
0.000006533827356491884
0.0000073086376684017296
0.00000805512316581769
0.000008770390792278704
0.000009451668550042314
0.00001009631612092221
0.00001070183513718348
0.000011265878928412576
0.000011786261513435647
0.000012260966137489504
0.000012688153070428143
0.000013066166765440812
0.00001339354222551492
0.000013669010677119786
0.00001389150457953292
0.000014060161628748347
0.000014174328175187156
0.000014233561827836638
0.000014237632999680727
0.00001418652591667069
0.000014080438671015827
0.00001391978237208491
0.000013705179689793567
0.00001343746228954501
0.000013117667773343555
0.00001274703547338163
0.000012327001794432135
0.000011859194572139131
0.000011345426845110751
0.000010787689724622851
0.000010188144704770252
0.000009549115347340376
0.000008873078231275144
0.000008162653330145986
0.000007420593936657838
0.0000014417751068585005
0.000002306840171328872
0.000003162965012570851
0.000004006831686886869
0.000004835169781003401
0.0000056447690397476435
0.0000064324918263025666
0.000007195285329331114
0.000007930193298477661
0.000008634367594240189
0.000009305079148091977
0.000009939728645491641
0.000010535856450388792
0.000011091152273934313
0.000011603464049159129
0.000012070806306496706
0.000012491367858302738
0.00001286351879770109
0.000013185816875704859
0.000013457012993711714
0.000013676056124012348
0.000013842097416727484
0.00001395449332974863
0.000014012808300378765
0.00001401681632984264
0.000013966501875017912
0.000013862059979885544
0.000013703895355376972
0.000013492621018684758
0.000013229055781494026
0.000012914221052540142
0.000012549337029099661
0.00001213581779424544
0.000011675265987776129
0.000011169466475280387
0.000010620379480741349
0.000010030133033467337
0.000009401014610332936
0.000008735462401432414
0.000008036055751503568
0.000007305505228316633
0.0000014101727940918352
0.0000022562764705469363
0.0000030936358887956317
0.000003919005827413002
0.000004729187548235814
0.000005521041183342845
0.000006291497859578499
0.000007037571664980646
0.000007756371168454734
0.000008445110635690867
0.000009101120857835099
0.000009721859441924607
0.00001030492071407707
0.000010848044993849726
0.000011349127387205726
0.00001180622595242653
0.000012217569199890477
0.00001258156294170476
0.000012896796548034217
0.00001316204832946255
0.000013376290265654234
0.000013538692090975246
0.000013648624403117537
0.00001370566113578775
0.000013709581313747776
0.000013660369738488498
0.00001355821708770577
0.000013403519279364673
0.000013196875876531067
0.000012939087724817
0.000012631153893494229
0.00001227426774619289
0.000011869812457376838
0.0000114193554949793
0.00001092464261631676
0.00001038759107885312
0.00000981028224344982
0.000009194953502600356
0.000008543989547860065
0.00000785991321805568
0.000007145375652939379
0.0000013698763003944237
0.000002191802081163985
0.000003005233469188795
0.000003807017995072215
0.000004594048313322219
0.000005363274269143403
0.000006111714714762684
0.000006836469024662506
0.0000075347284287374805
0.000008203786775240474
0.000008841051121422083
0.000009444051752183213
0.000010010451699571377
0.000010538055903452914
0.000011024819581706424
0.000011468856293106455
0.00001186844518485941
0.000012222037586440138
0.000012528263219735436
0.000012785935261661052
0.000012994055111903435
0.000013151816201428801
0.00001325860712952931
0.000013314014044141231
0.000013317822205038965
0.000013270016857802602
0.000013170783262239638
0.000013020506060001935
0.000012819767597704868
0.000012569345877011529
0.000012270211417586552
0.000011923523523194035
0.000011530625766198455
0.000011093040875209681
0.000010612464684811584
0.000010090759715808417
0.000009529947815778428
0.000008932202433697967
0.000008299840153824789
0.00000763531168956888
0.000006941192445708566
0.0000013211340652574677
0.0000021138145038790412
0.0000028983027924311955
0.000003671558624240845
0.000004430585240911
0.00000517244099818015
0.000005894250801219414
0.000006593217289463382
0.000007266631570246318
0.000007911883827205202
0.000008526473369130372
0.000009108018332426582
0.000009654264925273992
0.000010163096174409247
0.000010632540085708797
0.000011060777314497727
0.000011446148231897268
0.000011787159316156703
0.000012082488971998373
0.00001233099267139437
0.000012531707298535366
0.000012683855029393953
0.000012786846163237442
0.000012840281616632865
0.00001284395425926732
0.000012797849901602376
0.000012702147206056225
0.000012557217065278792
0.000012363621202382546
0.000012122109840362327
0.000011833619037560084
0.00001149926680099611
0.000011120348940352187
0.000010698333969827445
0.000010234857398927488
0.000009731715472582891
0.000009190858108354405
0.000008614381394878023
0.000008004519486348727
0.00000736363592501732
0.000006694214478741856
0.0000012642465967438454
0.0000020227945549677884
0.0000027735031133957477
0.000003513462878856899
0.000004239806123962353
0.0000049497178853386
0.000005640446881116645
0.000006309316166408507
0.000006953733521442018
0.000007571201498635105
0.000008159327052226217
0.000008715830958294646
0.000009238556419433053
0.000009725477600142085
0.00001017470746944582
0.000010584504977373399
0.000010953281972092554
0.000011279609260839152
0.000011562222152150525
0.000011800025379926637
0.00001199209733471207
0.000012137693641278702
0.00001223625002566564
0.00001228738458536327
0.000012290899078948314
0.00001224677994571266
0.000012155198160002101
0.000012016508662782144
0.000011831248933447114
0.000011600136975431496
0.000011324068463380854
0.000011004113286361417
0.00001064151146223935
0.000010237668274015732
0.00000979414882351648
0.000009312671942041106
0.000008795103674685834
0.000008243449810763082
0.000007659848295205052
0.000007046560925871859
0.000006405964478872761
0.0000011995646267415339
0.000001919303402431183
0.000002631603863711973
0.0000033337054681226164
0.0000040228872038028385
0.000004696478129062598
0.00000535186772232521
0.00000598651601357858
0.000006597963398746742
0.0000071838401822788
0.000007741875794664566
0.000008269907574742774
0.000008765889116801873
0.000009227898218000519
0.00000965414437104073
0.00001004297563866885
0.000010392885098298166
0.00001070251667911748
0.000010970670381027503
0.000011196307031724473
0.000011378552112972784
0.000011516699348845805
0.000011610213359602994
0.000011658731732921979
0.000011662066420115025
0.000011620204528384193
0.000011533308292399624
0.000011401714480996361
0.000011225933118197418
0.000011006645408428994
0.000010744701221199193
0.0000104411157622053
0.000010097065537451044
0.000009713883954987068
0.000009293056045578396
0.000008836212721519132
0.000008345124513198243
0.00000782169461643889
0.000007267951602329958
0.000006686041512438123
0.000006078219556115982
0.0000011274869420319078
0.0000018039791074286882
0.00000247347990267599
0.00000313339465485285
0.0000037811658533115633
0.000004414283029774424
0.000005030292534513592
0.000005626807011438473
0.000006201514624493143
0.000006752188113523516
0.000007276693295921177
0.000007772997488331157
0.000008239177201829762
0.000008673425785588051
0.000009074060280056528
0.000009439528003696296
0.00000976841263877759
0.000010059439524923164
0.000010311480806990403
0.000010523559730302168
0.000010694854324810876
0.000010824700773071072
0.000010912595850953721
0.000010958198902955019
0.000010961333263281858
0.00001092198669638833
0.000010840311755799803
0.000010716624977646916
0.000010551405676295644
0.000010345294214175738
0.0000100990893479036
0.00000981374527952994
0.000009490367844477987
0.000009130210315788645
0.000008734668497822895
0.000008305275311926152
0.000007843694895370845
0.0000073517160821268135
0.000006831245562111121
0.000006284300436476542
0.0000057130003963123954
0.0000010484579298086771
0.0000016775326869833407
0.000002300106115349365
0.0000029137654173894134
0.0000035161323470589423
0.000004104872397547865
0.000004677703921984744
0.000005232406849131621
0.000005766831463915878
0.000006278906539591844
0.000006766647562272965
0.000007228164260908443
0.0000076616680253494
0.000008065478784402558
0.000008438031574797833
0.000008777882570143447
0.000009083714662239117
0.000009354342584089181
0.000009588717524877666
0.000009785931169403739
0.000009945219204610112
0.000010065964325178811
0.000010147698571216779
0.000010190105175666986
0.000010193019800652792
0.000010156431176966407
0.000010080481079199899
0.000009965463895866833
0.000009811825322003642
0.000009620160835055458
0.00000939121323284553
0.000009125869784298857
0.000008825158872127759
0.000008490245914316574
0.000008122428805990012
0.000007723133105486113
0.000007293906264749239
0.000006836411763799788
0.0000063524226270317286
0.000005843814571804273
0.00000531255870050984
0.0000009629648212161612
0.000001540743713945858
0.0000021125514075848173
0.000002676171858340126
0.000003229420718398046
0.0000037701538815326785
0.000004296275687210027
0.000004805747183311837
0.000005296593858616916
0.000005766913442784016
0.000006214883196520304
0.000006638767015232361
0.000007036922109904253
0.00000740780544106201
0.000007749979605620183
0.000008062118553198161
0.000008343012549261175
0.000008591572996152763
0.000008806836603980628
0.000008987969096097004
0.000009134268502464238
0.000009245167852611758
0.000009320237325027847
0.000009359186041280054
0.00000936186300037889
0.000009328257881691115
0.000009258500885067633
0.000009152862403993822
0.000009011751796350609
0.000008835715966881708
0.000008625437153853
0.000008381730292938983
0.000008105539869518452
0.000007797936280695694
0.00000746011163954563
0.000007093375220534881
0.000006699148293876078
0.000006278958725403072
0.000005834434887219686
0.000005367299616310106
0.000004879363288523564
0.0000008715347150634045
0.0000013944555439238115
0.0000019119721184068794
0.000002422078795305538
0.0000029227986484414714
0.0000034121910967854774
0.000003888359502823846
0.0000043494584751613274
0.000004793701002370199
0.000005219365402098219
0.000005624802014381203
0.000006008439566329571
0.0000063687912401633184
0.000006704460503215159
0.000007014146447659186
0.000007296648909971282
0.0000075508729935336305
0.000007775833530843101
0.000007970658597145075
0.000008134593194597528
0.000008267001984307853
0.000008367371847839422
0.000008435313763044405
0.000008470564413443071
0.00000847298722561618
0.000008442572781319768
0.000008379438952488272
0.000008283830464250741
0.000008156117807800456
0.000007996795957865288
0.000007806482390293468
0.000007585914637786573
0.000007335947515230146
0.000007057549808564545
0.0000067518004414068855
0.000006419884339692317
0.000006063087855778804
0.000005682793773331696
0.000005280475914304361
0.000004857693491899795
0.000004416084992797664
0.0000007747313066630568
0.0000012395700919043406
0.0000016996048906037231
0.000002153052815145884
0.0000025981565272559237
0.0000030331910156888853
0.0000034564702851014317
0.000003866353917914012
0.000004261253380377639
0.000004639638248704614
0.0000050000420408480295
0.000005341068074926625
0.0000056613946384231895
0.0000059597803243605085
0.00000623506873154156
0.000006486192976495886
0.000006712179821732889
0.000006912153438065616
0.0000070853388365321734
0.000007231064831358935
0.0000073487666938376606
0.000007437988209346713
0.000007498383649107154
0.0000075297189283674015
0.000007531872622479341
0.0000075048363896712544
0.0000074487150065749574
0.000007363725963216439
0.0000072501986672079966
0.000007108573061742618
0.00000693939806239996
0.000006743329272751453
0.0000065211266075948515
0.000006273651163013483
0.00000600186211130449
0.000005706812700623232
0.00000538964645002693
0.0000050515925273941775
0.000004693961059842877
0.000004318138081771394
0.000003925580074337631
0.0000006731514252678039
0.0000010770422802508506
0.0000014767590261755004
0.0000018707525519801038
0.0000022574959306354003
0.0000026354903077674408
0.0000030032707876159748
0.0000033594119983604287
0.0000037025337000784475
0.000004031306168883475
0.000004344455167171191
0.000004640767123476053
0.000004919093669286667
0.000005178356147439445
0.000005417549754582751
0.000005635747516663514
0.0000058321038025610505
0.00000600585763876893
0.000006156335619067477
0.000006282954565506316
0.000006385223780824845
0.000006462746924285057
0.000006515223528680281
0.00000654245024378497
0.000006544321554002863
0.000006520830204692629
0.000006472067244800428
0.0000063982216573776896
0.000006299579620616669
0.000006176523456247196
0.000006029530041473663
0.000005859169071698034
0.000005666100783230377
0.000005451073420204011
0.000005214920314244864
0.000004958556687029159
0.000004682976094017022
0.0000043892465413364334
0.000004078506385951641
0.0000037519598983237756
0.0000034108726385539967
0.0000005674213436890341
0.0000009078741509682686
0.0000012448084643068569
0.0000015769184749103715
0.000001902917112772684
0.0000022215409387627005
0.00000253155509710723
0.0000028317581843850803
0.0000031209866691028765
0.000003398119734043803
0.000003662083265965066
0.000003911854307148133
0.00000414646484969694
0.000004365005661810528
0.000004566629772995157
0.000004750555813615165
0.000004916070935223615
0.000005062533713129369
0.000005189376508951682
0.000005296107779884096
0.000005382313837287711
0.000005447660633706164
0.000005491894871312297
0.000005514845160092818
0.000005516422593387915
0.000005496620939737795
0.000005455517044339331
0.000005393270196663025
0.000005310121597545958
0.000005206393524304076
0.000005082487962937421
0.000004938885147964811
0.000004776141576456894
0.000004594887958120353
0.000004395826799452607
0.0000041797295260437295
0.000003947433636852793
0.0000036998393930787188
0.0000034379063436063007
0.0000031626496479475463
0.0000028751360439116525
0.00000045819291294435516
0.0000007331086617767824
0.0000010051832308732855
0.0000012733621748139967
0.000001536606177410249
0.0000017938950200857562
0.0000020442315609159323
0.0000022866456390602252
0.000002520197753597131
0.000002743982761899133
0.000002957133407477386
0.0000031588236062418673
0.0000033482716830235404
0.0000035247434659879673
0.000003687555011566701
0.000003836075340046818
0.00000396972884075808
0.000004087997613311245
0.000004190423208427774
0.000004276608731146325
0.000004346220148221391
0.00000439898773052505
0.00000443470687727654
0.000004453239224488925
0.000004454512975371472
0.000004438523163230457
0.000004405331750945152
0.000004355067400041435
0.000004287924888046746
0.00000420416441571092
0.000004104110676195205
0.000003988151341616231
0.000003856735840912506
0.000003710373501775166
0.0000035496315469174533
0.000003375132923366664
0.0000031875539185932666
0.0000029876214817647906
0.0000027761104739454368
0.0000025538406021041737
0.0000023216732785158456
0.00000034613957566875797
0.0000005538233214252841
0.0000007593607094236177
0.000000961955183953478
0.0000011608215650937836
0.0000013551891449026243
0.0000015443046557095386
0.0000017274351726825898
0.0000019038709666574505
0.000002072928253937789
0.000002233951846619675
0.000002386317710545427
0.0000025294353349636367
0.000002662750045345774
0.0000027857452451485187
0.0000028979441921705984
0.0000029989120733375785
0.0000030882576069757306
0.0000031656345278463505
0.0000032307429620459516
0.0000032833305745327834
0.0000033231935745448027
0.00000335017743680055
0.000003364177636910881
0.000003365139871647216
0.0000033530604319764734
0.000003327986146217654
0.0000032900141775371594
0.0000032392917006518473
0.000003176015287209566
0.0000031004301490611397
0.000003012829246529236
0.0000029135520733802878
0.0000028029833707421403
0.0000026815516385170213
0.0000025497275224495297
0.0000024080218992139635
0.0000022569839259745095
0.0000020971989549423142
0.000001929286288060439
0.0000017538966261554378
0.00000023195217124793999
0.00000037112347328616124
0.0000005088564805078022
0.0000006446173941299094
0.0000007778800785729345
0.0000009081280722966767
0.0000010348565844253699
0.0000011575744700564883
0.0000012758061771478424
0.0000013890934340565764
0.0000014969972319534008
0.0000015990993809111842
0.0000016950041619168132
0.0000017843399255923487
0.0000018667604244626546
0.0000019419462482517247
0.0000020096060211471922
0.000002069477492483429
0.00000212132867005721
0.0000021649586088301476
0.000002200198196078418
0.0000022269108121975023
0.0000022449930341394975
0.0000022543747029146743
0.000002255019527552804
0.0000022469249749690334
0.000002230122387203437
0.0000022046769245775977
0.000002170687210423239
0.00000212828494028372
0.0000020776344662465362
0.000002018932086400582
0.0000019524052703445705
0.0000018783118953535904
0.0000017969390739835944
0.0000017086021841805632
0.0000016136435903035817
0.0000015124312895409275
0.0000014053575192463086
0.0000012928372683518319
0.0000011753066040398608
0.00000011633470187177863
0.00000018613552299484581
0.0000002552149815926441
0.0000003233053398332686
0.00000039014272346094003
0.00000045546809346319606
0.000000519028287015999
0.0000005805769660582882
0.0000006398756227099511
0.0000006966943963959693
0.0000007508131183442401
0.000000802022061208163
0.0000008501227135582212
0.000000894928710692966
0.0000009362664137313459
0.0000009739755562065966
0.0000010079100221105364
0.0000010379383610370496
0.0000010639441327953136
0.0000010858265646618293
0.0000011035008071758057
0.0000011168984315190755
0.0000011259674970176548
0.0000011306728495696916
0.000001130996238885018
0.0000011269364357247014
0.0000011185091643994838
0.0000011057471205333513
0.0000010886996975045804
0.0000010674330077620198
0.0000010420294671575903
0.000001012587514281904
0.0000009792212516401833
0.0000009420599873521951
0.000000901247794615756
0.0000008569427549787179
0.000000809316649252878
0.0000007585540160448545
0.0000007048515762164698
0.0000006484174832621648
0.0000005894704422360064
0
0
0
0
0
0
0
0
0
0
0
0
0
0
0
0
0
0
0
0
0
0
0
0
0
0
0
0
0
0
0
0
0
0
0
0
0
0
0
0
0
