0
0
0
0
0
0
0
0
0
0
0
0
0
0
0
0
0
0
0
0
0
0
0
0
0
0
0
0
0
0
0
0
0
0
0
0
0
0
0
0
0
0.0012145488527330883
0.0019432781643757835
0.002661825055248812
0.0033664870284795256
0.0040537178726793854
0.004720163901538399
0.005362695170795462
0.005978430973001991
0.006564759119982
0.007119348750883603
0.007640156633634376
0.008125427155263765
0.008573686410258574
0.008983730988269656
0.009354612225649817
0.009685616811864861
0.009976244733778117
0.010226185585516134
0.010435294278330787
0.010603567150283766
0.010731119400375633
0.010818164665316488
0.010864997421478506
0.01087197873530954
0.010839525714665399
0.010768104831321068
0.01065822910599934
0.010510458972355252
0.010325406478855825
0.010103742345606292
0.009846205279060882
0.009553612861132876
0.00922687327274474
0.008866997090045459
0.00847510840088006
0.008052454530023567
0.007600413734259348
0.007120500322201906
0.006614366775394842
0.0060838025789422545
0.005530729617220231
0.002416567927367552
0.003866508683788794
0.005296189624854009
0.006698243946733129
0.00806561580531806
0.009391632421756668
0.010670066194769845
0.011895185426752164
0.01306179269042218
0.014165250312508704
0.015201492911380399
0.016167027377825605
0.01705892111252183
0.017874779717132583
0.018612715658825607
0.019271309683908555
0.019849566932791163
0.020346869803979928
0.02076292962453863
0.02109773911519852
0.021351527491304978
0.021524719827247907
0.02161790204097258
0.021631792542635253
0.021567221245497592
0.021425116280106238
0.021206498393326
0.020912482667910126
0.020544286882525853
0.020103245553045213
0.01959082846630622
0.01900866234583276
0.018358554178625752
0.01764251468588185
0.016862780441336156
0.016021833222211512
0.01512241531914782
0.01416753972423379
0.013160494350739071
0.012104839706378101
0.011004399733071324
0.00359383141120162
0.005750130257920816
0.007876299399956821
0.009961383180019823
0.011994888391388514
0.0139668915112523
0.01586813107238072
0.017690083101165044
0.01942501817536524
0.021066039322398922
0.022607100664686186
0.02404300739070564
0.02536939826156015
0.02658271243358712
0.02768014285643261
0.028659578888330373
0.029519541031156393
0.030259110830520797
0.030877859001257946
0.03137577473471964
0.03175319892605444
0.03201076374174505
0.03214934054593499
0.03216999773687235
0.032073969532731894
0.031862636213809026
0.03153751579252173
0.031100266571485236
0.030552699576816167
0.02989679943978274
0.029134751960341987
0.028268976328341466
0.027302159814446725
0.02623729267603281
0.025077701050815193
0.02382707573546483
0.022489494954687217
0.021069439512544363
0.019571799067790607
0.01800186867447806
0.016365335158621264
0.004734708213261385
0.007575533141217505
0.010376663475756942
0.013123665611033175
0.015802715203577122
0.0184007384482463
0.02090553377442461
0.02330587123280381
0.02559156766645998
0.027753536639888665
0.02978381300326305
0.031675552853315025
0.033423010486004046
0.035021494685320675
0.03646730732652159
0.03775766777284417
0.038890626890680124
0.039864974694662436
0.04068014565529765
0.0413361255632303
0.04183336355824352
0.04217269251155997
0.042355260420787744
0.04238247486059876
0.04225596185988678
0.041977539871489
0.0415492087985605
0.040973153365012394
0.040251759496634065
0.039387641832689724
0.03838368004057102
0.037243061266636346
0.0359693258412328
0.03456641326633303
0.03303870555254207
0.03139106513461698
0.029628864869007288
0.027758007995856815
0.0257849364070033
0.023716626088091886
0.021560569170993915
0.005828426990197144
0.009325483184314365
0.012773675187620626
0.016155235182285566
0.019453145360181168
0.02265131183520097
0.025734714452482876
0.02868952913445355
0.03150322041643605
0.03416460290951662
0.036663871538291204
0.038992601491660395
0.04114371985036058
0.0431114517765252
0.04489124493266061
0.0464796764115647
0.04787434688714853
0.049073766923385165
0.050077240405915546
0.05088474989036129
0.05149684830827894
0.051914560956742406
0.05213930104445552
0.052172801310298667
0.052017063400732866
0.05167432582678089
0.05114705045625101
0.05043792666339897
0.049549891495452414
0.0484861635406979
0.047250287633236354
0.045846187111823866
0.044278220084073894
0.04255123603919486
0.04067062919710551
0.038642385183791816
0.03647311795957364
0.03417009439309027
0.03174124443978954
0.029195155531628103
0.026541050483299244
0.006865304257451577
0.010984486811922878
0.01504611204410189
0.019029251177352435
0.022913858882173344
0.026680978129594024
0.030312916653205235
0.0337933910616357
0.03710763583665866
0.040242475729989735
0.043186361379525806
0.045929369250004015
0.04846316821102903
0.050780956151477596
0.05287737094969458
0.05474838084373346
0.0563911597483191
0.057803953335525904
0.05898594172591487
0.05993710443792466
0.06065809282629786
0.061150114633857555
0.061414834511904104
0.06145429347324338
0.06127084926349369
0.06086713861816406
0.060246061352284386
0.059410785250019416
0.05836476982002026
0.057111806190789594
0.05565606977050663
0.05400218180483307
0.052155275653145594
0.05012106347446377
0.04790589906984266
0.045516832862873
0.04296165539925667
0.04024892629363208
0.03738798621974482
0.034388950302275845
0.03126268209297933
0.007836926313570025
0.012539082101712395
0.017175534435677875
0.0217223924806369
0.026156773893825758
0.030457038673102232
0.0346029905951184
0.03857604172483775
0.04235933684050508
0.04593783607586133
0.04929835557636153
0.05242956742906557
0.05532196150839397
0.057967773116494925
0.06036088134998607
0.062496683950854504
0.06437195497371917
0.06598469190945266
0.06733395894019267
0.06841973277193958
0.06924275701719651
0.06980441040529328
0.07010659322254398
0.07015163536460634
0.06994222826853047
0.06948138182876207
0.06877240623607506
0.06781891756078195
0.06662486487223163
0.06519457578288979
0.06353281656381071
0.06164486241727474
0.05953657313600047
0.05721446922966322
0.05468580366403941
0.05195862462490197
0.049041825176299625
0.045945176305369984
0.04267934061077838
0.039255864759940806
0.03568714978176324
0.008736278086604266
0.01397804493856647
0.01914656801703707
0.02421521471490351
0.029158476667001665
0.03395223043820117
0.038573962081006385
0.043002950525671935
0.04722040628427138
0.051209563577060635
0.05495572565220641
0.05844626470584657
0.061670579345950216
0.06462001392506167
0.06728774523950065
0.06966864301365305
0.07175911122871881
0.07355691769787853
0.07506101932902354
0.07627139026145713
0.0771888595343917
0.0778149641705248
0.07815182258245912
0.0782020320719532
0.07796859295070036
0.07745486051228667
0.07666452478848385
0.07560161677525912
0.07427053866680566
0.0726761146295658
0.07082365781968036
0.06871904872368972
0.06636881950393558
0.06378023886478346
0.060961392027863326
0.05792125070159315
0.05466972844057949
0.05121771748486381
0.04757710402029147
0.04376075977087979
0.039782508882616696
0.009557814730281056
0.015292503568448801
0.02094706061841034
0.02649234869178052
0.03190046058307772
0.03714500427642342
0.04220134862305969
0.0470468239789934
0.051660873953405684
0.056025156197492265
0.06012359198481931
0.06394236612068127
0.06746988040239543
0.07069666536203556
0.07361525630569687
0.07622004067280486
0.0785070844382183
0.08047394565559074
0.08211948328302299
0.08344366915367374
0.0844474103746613
0.08513238859230299
0.08550092149123145
0.08555585065385429
0.08530045854496748
0.08473841596824272
0.08387375992009183
0.08271090040381424
0.08125465350964944
0.07951029696722856
0.07748364346904779
0.0751811263826383
0.07260989203162183
0.06977789254719013
0.06669397336750649
0.0633679497908588
0.05981066754378617
0.05603404308691928
0.05205108031201178
0.047875861344556014
0.04352351031323387
0.010297474704415333
0.016475959527065598
0.022568110912549066
0.028542536667140794
0.034369169788817544
0.04001957575029813
0.045467217192642906
0.05068767009210262
0.05565878725289508
0.060360806895502606
0.0647764060718643
0.06889070056488578
0.07269119474273111
0.07616768646634853
0.07931213352999578
0.08211848920178966
0.08458251518491267
0.08670158072547807
0.08847445663741738
0.08990111271671708
0.09098252639159199
0.09172050954501643
0.0921175592931327
0.0921767371647384
0.09190157966121504
0.09129604164738936
0.09036447249364343
0.08911162341966872
0.0875426831383237
0.0856633377111784
0.08347984955092969
0.08099914977166378
0.07822893761617422
0.0751777804977678
0.07185520827577108
0.06827179573687836
0.06443922785392431
0.06037034321357382
0.056079152007407984
0.051580826123526435
0.04689166011229773
0.010952636010607808
0.017524217616972315
0.024003972499709647
0.03035851103357512
0.03655585312354681
0.042565755043407094
0.04835999097407395
0.05391258292620904
0.05919997463599813
0.06420114706155466
0.06889767519469991
0.0732737279504736
0.07731601482650952
0.08101368475466231
0.08435818403785689
0.08734308142021519
0.08996386914128607
0.09221774925549298
0.09410341454586302
0.0956208330430961
0.09677104449645668
0.0975559761740925
0.09797828414468768
0.09804122476825228
0.09774855956520057
0.09710449500629537
0.09611365713875486
0.09478109940029711
0.09311234053460637
0.09111342825949009
0.08879102330105582
0.08615249762459243
0.0832060401935113
0.07996076338121938
0.07642680324989648
0.07261540728388027
0.06853900380422395
0.06421124816230872
0.05964704187750591
0.05486252209948361
0.04987502009043965
0.011522020061952354
0.018435232099123677
0.025251843226176796
0.03193672786397794
0.038456243266226764
0.04477857335462332
0.05087402489743198
0.05671526938745686
0.062277525979048676
0.06753868298825871
0.07247935765554914
0.07708289602622642
0.08133531683174944
0.08522520507713871
0.08874356258580995
0.09188362396849925
0.09464064732775412
0.09701168946160799
0.09899537538106884
0.10059167162095761
0.10180167212484648
0.10262740446539809
0.10307166287170233
0.10313787303780941
0.10282999204586574
0.10215244502681742
0.10111009846943375
0.09970826844390501
0.09795276049223034
0.0958499366112715
0.0934068036607858
0.09063111670657342
0.08753149028325247
0.08411751034373793
0.08039983975609744
0.0763903106028394
0.07210199720782384
0.06754926473449174
0.06274778932048974
0.05771454699327094
0.052467769993883806
0.012005550194158943
0.019208880310654486
0.026311555094021166
0.03327697472950231
0.04007008449087479
0.046657733010651015
0.05300898089224404
0.05909535274137312
0.06489102778107636
0.07037296645022906
0.07552097267194036
0.08031769372517594
0.08474856176600909
0.0888016829432079
0.09246768166403818
0.09573950883270754
0.09861222376418333
0.10108275994637062
0.1031496848782929
0.10481296386137195
0.10607373689336441
0.10693411675215359
0.10739701501308119
0.10746600118209315
0.10714519841872239
0.10643921753957919
0.10535312920939077
0.10389247251301903
0.10206329652401358
0.09987223010369917
0.09732657402476086
0.09443440865721797
0.09120470990631624
0.08764746586567362
0.08377378674712688
0.07959600105788134
0.07512773169648135
0.07038394659344682
0.0653809796930993
0.06013651940518017
0.054669563095618656
0.012404173942676566
0.01984667830828224
0.027185184759686898
0.034381878083681094
0.041400539485104915
0.04820691675845534
0.05476904315134945
0.061057497766865865
0.06704560250875602
0.07270955288267977
0.07802848233000503
0.08298446209142263
0.08756244078139908
0.09175012981581432
0.09553784250010189
0.09891829589306411
0.10188638547181306
0.10443894310908775
0.1065744889301996
0.1082929872549645
0.10959561607837998
0.11048455844583849
0.11096282269053503
0.11103409688753274
0.11070264111402395
0.10997321926251757
0.10885107031054808
0.10734191718051278
0.1054520096928222
0.10318819668735912
0.10055802121143564
0.09756983178716183
0.09423290220476233
0.09055755205478278
0.08655526031327909
0.08223876471732083
0.07762214039155779
0.07272085217356405
0.06755177629445797
0.0621331884481382
0.05648471677103384
0.012719659807140182
0.020351455691423936
0.027876608118507562
0.0352563399302781
0.042453511016283585
0.04943299790572819
0.05616202074498844
0.06261041032565018
0.06875081003978067
0.07455881000738707
0.08001301304430086
0.08509503451863054
0.08978944038350889
0.09408362968484063
0.09796766955001956
0.10143409200521525
0.10447766290184113
0.10709513373107704
0.10928498716267931
0.1110471867735221
0.11238294065995547
0.11329448750276683
0.11378491222938614
0.1138579967647324
0.11351810955063435
0.11277013562562033
0.11161944716608474
0.11007191257450266
0.10813394052921765
0.10581255394499678
0.10311548758727263
0.10005130217513702
0.09662950722720609
0.09286068466498598
0.08875660529217022
0.0843303307023433
0.07959629390920853
0.07457035300587123
0.06926981339900351
0.06371341557559607
0.057921286886905676
0.012954380222448991
0.020727008355918564
0.02839102465942389
0.035906936258553124
0.04323691756033554
0.0503451968550781
0.05719838933160659
0.06376576903526843
0.07001947455094637
0.07593464560505403
0.08148949024869623
0.08666528470813262
0.09144631026939898
0.09581973361245488
0.09977543874852479
0.10330582008142741
0.10640554706300343
0.10907131142102067
0.11130156799607605
0.11309627984590698
0.11445667749085864
0.11538504102703939
0.1158845123841914
0.11595894332064738
0.11561278290379562
0.11485100630039113
0.11367908477598121
0.11210299495390252
0.11012926368154474
0.10776504336031323
0.10501821136618261
0.10189748626352468
0.09841255292311146
0.09457418841173215
0.09039438062563576
0.08588643208328328
0.08106504204696208
0.07594636117527642
0.0705480141694137
0.06488908731526344
0.05899007937751222
0.01311109280983147
0.02097774849573053
0.02873447805013818
0.03634131071117963
0.04375996319006692
0.050954230954327606
0.05789032527510063
0.06453714847721148
0.07086650211130774
0.07685322520777049
0.08247526227089352
0.08771366312438822
0.09255251902849615
0.09697884156150494
0.10098239251841079
0.10455547446285607
0.10769269252940994
0.1103906985876506
0.11264792893808107
0.11446434632794578
0.11584119627982581
0.11678078656538027
0.11728629718973416
0.11736162654609572
0.11701127753473628
0.11624028549263343
0.11505418783166022
0.11345903341224428
0.11146142795580971
0.10906861029003068
0.10628855297650297
0.10313007993517687
0.09960299308075626
0.0957181997397516
0.0914878327236135
0.08692535538069102
0.08204564471483344
0.07686504670139893
0.07140139920929123
0.06567401939326167
0.059703653993874006
0.013192731682455383
0.021108370691928613
0.02891339875811294
0.03656759612173044
0.04403244102269799
0.05127150342368392
0.05825078415896012
0.06493899190023456
0.07130775262576527
0.0773317487346965
0.08298878746293781
0.08825980072534989
0.09312878083141918
0.09758265860849846
0.10161113223653828
0.10520645649072513
0.10836320305545222
0.11107800309020455
0.11334928328747829
0.11517700627778993
0.11656242543732453
0.1175078629856472
0.11801651878479547
0.11809231553476529
0.11773978418319864
0.11696399140675418
0.11577050906193698
0.11416542361917159
0.11215538186099394
0.10974766760550203
0.10695030296430197
0.10377216670340417
0.100223121672121
0.09631414301755115
0.09205743900891683
0.08746655674707249
0.08255646580334908
0.07734361388214062
0.07184594988722637
0.06608291123622045
0.060075373851109504
0.013202219655038983
0.02112355144806255
0.02893419248524287
0.036593893994386395
0.044064106438448825
0.05130837352529127
0.05829267160276608
0.06498568682517547
0.07135902477357359
0.07738734966976502
0.08304845284028062
0.08832325255623807
0.09319572970016488
0.09765280579817492
0.101684171727916
0.10528207680559376
0.10844108892347748
0.11115783692655157
0.11343074647692752
0.11525978026868522
0.11664619265628318
0.11759230759042616
0.11810132727795342
0.11817717726516719
0.11782439176480963
0.11704804108591027
0.11585370106372572
0.11424746250248319
0.11223597690868381
0.10982653327235603
0.10702715940094265
0.1038467403683736
0.10029514603885659
0.09638335937665232
0.09212359736020126
0.08752941677026627
0.0826157978910782
0.07739920021471214
0.07189758552512515
0.06613040520402791
0.06011855018547951
0.013142310715644756
0.02102769714503161
0.028802894925819
0.036427837865044665
0.043864151304532584
0.05107554434488204
0.058028147702018806
0.06469078961700081
0.07103520452541368
0.07703617163949605
0.08267158310039857
0.08792244381745284
0.09277280742492877
0.09720965486529032
0.10122272387185483
0.10480429900996668
0.10794897290010397
0.1106533897607811
0.11291598246880596
0.11473671395065388
0.11611683292224306
0.11705865283088102
0.11756536138234353
0.11764086632647341
0.11728968130448969
0.11651685360847708
0.11532793375091366
0.11372898486582805
0.11172662823623725
0.10932811972886469
0.10654145067034904
0.10337546576092649
0.09983999002200683
0.09594595652568749
0.09170552676237165
0.08713219595067478
0.08224087636020094
0.0770479527644703
0.07157130542087842
0.06583029743468405
0.05984572494062146
0.013015470150506747
0.020824752240810707
0.02852490904575511
0.03607626102992478
0.04344080387299076
0.05058259690942979
0.05746809772519601
0.06406643540520829
0.07034961718903787
0.07629266571527715
0.08187368651560067
0.08707386785476245
0.09187741730428911
0.09627144149626865
0.10024577725019235
0.10379278363894251
0.1069071055148143
0.10958541952588874
0.11182617371261827
0.1136293313936978
0.1149961292622308
0.11592885846029155
0.11643067594366485
0.11650545175552374
0.11615765597542627
0.11539228717628802
0.11421484228807088
0.11263132590897307
0.11064829539438747
0.10827293655501258
0.10551316356067453
0.1023777357172797
0.09887638319039915
0.09501993350327886
0.09082043074388224
0.08629123985942044
0.08144712917592578
0.07630432531645504
0.0708805359598692
0.06519493732691917
0.05926812484265298
0.012823797383854085
0.020518075814166536
0.028104835976942244
0.03554498267246409
0.0428010712472382
0.049837690313583316
0.05662179141908563
0.06312295827009873
0.06931361034419847
0.07516913811333037
0.08066796954379463
0.0857915699383387
0.0905243794436359
0.09485369457465964
0.09876950182795774
0.10226427280951889
0.10533273124287312
0.10797160272542605
0.1101793581595345
0.11195596140990638
0.11330263096180992
0.11422162421965432
0.11471605164947896
0.1147897263017903
0.11444705242546327
0.11369295497836163
0.11253284993503065
0.11097265346092655
0.10901882633760351
0.10667844854639341
0.10395931770114863
0.10087006410592636
0.0974202746271775
0.09362061732933391
0.08948295892650471
0.08502046754129644
0.08024769400937704
0.07518062598908504
0.06983671038505523
0.06423484101864929
0.058395310016954305
0.012568994036685988
0.02011039045869767
0.027546405014429176
0.03483871932893923
0.04195063277473654
0.04884743758624399
0.055496741978315
0.0618687340201074
0.06793638120161649
0.07367556297007205
0.07906513590877928
0.08408693358276764
0.08872570528846424
0.09296899993278274
0.09680700295323064
0.10023233551731714
0.10323982616092131
0.10582626551777885
0.10799015484925967
0.10973145871647283
0.11105137137492527
0.11195210535948341
0.11243670932023875
0.11250892053553052
0.1121730557390972
0.11143394203135415
0.11029688777680136
0.10876769159568056
0.10685268590603947
0.10455881002489953
0.1018937066446739
0.09886583460391662
0.09548459029771372
0.09176042983604127
0.08770498416124539
0.08333115976446592
0.07865321837421657
0.0736868299904927
0.0684490948626264
0.06295853140455243
0.05723502854959328
0.012252377064282838
0.019603803302852718
0.02685250240916215
0.033961121304216135
0.04089388389777948
0.04761695675210209
0.05409876405981873
0.06031024487006409
0.06622504762751102
0.07181965937026558
0.07707346926736491
0.08196876846920098
0.08649069040145463
0.09062709757076881
0.09436842259469103
0.09770747246128764
0.10063920592183706
0.10316049440084463
0.10526987686220046
0.10696731871328957
0.10825398408568176
0.1091320297468581
0.10960442752581301
0.10967482054172883
0.10934741678152271
0.10862692175122568
0.10751851010611446
0.10602783441497365
0.10416106760439447
0.1019249742171926
0.09932700445714282
0.09637540411760348
0.09307933293190551
0.08944898365311005
0.08549569427015413
0.08123204618600255
0.07667194189777504
0.07183065669403099
0.06672486007845713
0.06137260398917377
0.055793276353794496
0.011874934247606106
0.018999894796170036
0.026025292984435122
0.03291492648479366
0.03963412136764344
0.046150086498381704
0.052432218810563924
0.05845235260685833
0.06418494810480091
0.0696072166547701
0.07469918232106032
0.07944368173822802
0.08382630624628185
0.08783529218559849
0.09146136682682382
0.0946975586630856
0.09753898166323971
0.099982603550135
0.10202700822094535
0.10367216208094021
0.10491919334133115
0.10577019228145801
0.1062280391458561
0.10629626480276677
0.10597894760025284
0.10528064809207294
0.10420638154100814
0.10276162641200415
0.10095236550721509
0.09878515502765595
0.09626721571848407
0.09340653940916077
0.09021200371565818
0.08669348744964012
0.0828619793757106
0.07872967336322212
0.07431004367182048
0.06961789505497507
0.06466938352276941
0.05948200492373701
0.054074549930670734
0.011437416929188426
0.018299867086701394
0.02506642337813947
0.0317022173867354
0.0381738527685167
0.044449746589203976
0.05050042334785232
0.05629875509131477
0.061820143012631945
0.06704263805584176
0.0719470002291196
0.0765166984682839
0.08073785490622676
0.08459913921279316
0.08809162020448191
0.091208583129756
0.09394532187501525
0.09629891578380878
0.09826800083406972
0.09985254458409187
0.10105363360455755
0.10187328110198912
0.10231426115826281
0.10237997452398595
0.10207434927504444
0.10140177794308691
0.10036709103095909
0.09897556519139528
0.09723296284465377
0.09514559869306716
0.09272042750582976
0.08996514673082068
0.08688830696802974
0.08349942312377934
0.07980907915837676
0.07582901972977396
0.071572222703427
0.06705294740812384
0.06228675463288269
0.0572904956288216
0.052082268753473215
0.01094046282751826
0.017504740524029394
0.023977291205699025
0.0303247615757396
0.036515206433559655
0.04251841517749266
0.048306193050738244
0.05385259082133764
0.059134078489504915
0.06412966065251169
0.06882093324180971
0.07319208339455763
0.0772298361472572
0.08092335336992384
0.084264091827146
0.08724562840643735
0.08986346135696976
0.09211479681022183
0.09399832990344059
0.09551402950767596
0.09666293489902777
0.09744697174321537
0.09786879353917577
0.09793165324478359
0.09763930825007527
0.09699596023910395
0.09600622985491825
0.09467516452114744
0.09300827633607511
0.09101160569435685
0.08869180525453046
0.08605623808922402
0.08311308335520096
0.07987144261482015
0.0763414400293545
0.07253431001810995
0.0684624666154523
0.06413954962816071
0.059580443762246915
0.054801268102001366
0.04981933463818322
0.010384740143995819
0.016615584230392777
0.022759360888243485
0.028784411106220098
0.034660412428366705
0.040358688868608716
0.0458524778682321
0.05111714830753655
0.05613036538904126
0.060872200142634725
0.06532518328216597
0.06947430508546049
0.07330696479885468
0.07681287470852105
0.07998392541542465
0.08281401994569215
0.08529888509007044
0.08743586877251985
0.08922373229602698
0.09066244600912299
0.09175299630853573
0.09249721097354602
0.0928976086653499
0.09295727707470114
0.0926797827224064
0.09206911387534866
0.09112965649727123
0.08986620167113735
0.0882839815658798
0.08638872982356993
0.0841867612585272
0.08168506501853479
0.07889140488379986
0.07581442018437201
0.07246372090096997
0.0688499708685022
0.06498495360765588
0.06088161613582521
0.05655408712092935
0.05201766689443588
0.0472887880858508
0.009771103076881893
0.015633764923011828
0.021414504480572027
0.02708353357854154
0.032612321607171424
0.037973887116109495
0.04314304899464183
0.04809663159929656
0.05281361989340816
0.05727526248190351
0.06146512228676215
0.06536907643643275
0.0689752686630083
0.0722740190458051
0.07525769725133458
0.0779205664507181
0.0802586058116539
0.0822693198453095
0.08395154293247131
0.0853052470682325
0.08633136027219379
0.08703160224656514
0.08740834277058518
0.08746448704958709
0.08720339084575812
0.08662880676677709
0.08574486163637829
0.0845560634763558
0.08306733534532107
0.08128407215480848
0.079212215655458
0.07685834208986542
0.07422975656124464
0.07133458798418957
0.06818187856254632
0.06478166207360836
0.06114502580710912
0.057284151785491844
0.05321233384365698
0.04894396823139857
0.04449451657399894
0.009100748331898334
0.01456119733103689
0.019945344683375943
0.025225445958594328
0.030374927995312717
0.03536866049058496
0.04018318994506309
0.044796930716083594
0.049190309513074126
0.053345861363846225
0.057248276814757304
0.06088440182985266
0.06424319345685703
0.06731563576640198
0.07009462179270187
0.07257480816333128
0.07475244977394979
0.07662522221946944
0.07819203973502731
0.07945287613433649
0.08040859568130365
0.0810608000254831
0.08141169631343104
0.08146399040448138
0.08122080782449714
0.08068564373883547
0.079862341874259
0.07875510102005912
0.07736850654285554
0.0757075833017975
0.07377786548716081
0.07158547825614114
0.06913722562389069
0.06644067889659588
0.06350426000750353
0.060337314427560074
0.056950168852489824
0.05335416959329464
0.04956169848292902
0.04558616412274574
0.04144196738431383
0.008375362291735744
0.013400579666777546
0.01835557738333371
0.02321482250556972
0.027953859994092056
0.0325495626447907
0.03698034638495784
0.04122634609654696
0.045269548593834585
0.04909388094100464
0.052685253891199935
0.0560315617959084
0.059122641807288545
0.06195019652095546
0.06450768533050422
0.06679019064837277
0.06879426576205461
0.07051777142281068
0.07195970830188969
0.07312005220457962
0.07399959842549109
0.07459982088671424
0.07492275076312893
0.07497087821075255
0.07474707962109761
0.07425457158116089
0.07349689147445204
0.07247790346194805
0.07120182748286474
0.0696732879493478
0.06789737801562445
0.06587973470361064
0.06362661978521089
0.06114500116371069
0.05844262956426327
0.0555281056305148
0.052410933011389105
0.049101553689880006
0.04561136262062426
0.041952699673469596
0.0381388178849722
0.0075972491665470265
0.01215559866647542
0.016650252510618024
0.021058049982373817
0.025356808106106854
0.029525548362599352
0.03354469198090371
0.03739621942547622
0.04106379101893509
0.044532827054746704
0.047790547201762124
0.05082597042367354
0.05362987797426655
0.05619474322999096
0.05851463314155225
0.0605850868872686
0.062402977867900944
0.06396636548079115
0.06527434314517322
0.06632688882890392
0.06712472386657709
0.06766918518665221
0.06796211521463746
0.06800577273218877
0.06780276689030273
0.0673560154462507
0.06666872716568406
0.06574440724654451
0.06458688362345555
0.06320035113592581
0.061589429823989406
0.059759233071321916
0.05771544097038017
0.05546437414004579
0.053013063288721796
0.05036931007484213
0.04754173525961569
0.04453981075212532
0.0413738728857691
0.03805511510990023
0.03459555919081936
0.006769431652062341
0.010831090643299568
0.014835994643550343
0.018763506662045515
0.022593860900073537
0.026308364760534886
0.029889572858410318
0.03332142912856817
0.03658937430470033
0.03968041730292349
0.04258317033354331
0.045287848830955824
0.047786238482991905
0.05007163271181625
0.052138744866446984
0.05398360010144643
0.055603412412448705
0.05699645256450481
0.058161912679924654
0.05909977305476488
0.059810676362797466
0.06029581380692406
0.06055682702019993
0.060595728638851654
0.06041484350553006
0.060016771456780305
0.059404371641690545
0.05858076735345463
0.05754936946582845
0.056313915786709856
0.054878522999246115
0.053247747377621835
0.05142665015546655
0.04942086329796069
0.04723665148266676
0.04488096632653793
0.04236148929020089
0.03968666022982248
0.036865689226129206
0.033908550071863885
0.03082595461078519
0.005895717299122971
0.009433147678596043
0.012921148465649068
0.01634174629245777
0.01967772653131128
0.02291280922933936
0.02603180065843702
0.02902071708062337
0.03186687835448154
0.03455897010572784
0.037087074307958545
0.03944266922268014
0.04161860068594336
0.043609027660412636
0.04540934576327871
0.04701609310259158
0.048426843185858104
0.04964008989722046
0.05065512956497642
0.05147194496992569
0.05209109578735038
0.05251361943417976
0.052740945632319125
0.05277482723390392
0.05261728901340845
0.05227059525767075
0.05173723610803904
0.051019931767125826
0.05012165290892412
0.049045654951559214
0.04779552329259218
0.046375226186370355
0.04478917167365282
0.0430422648624571
0.04113996190762492
0.039088317237066406
0.03689402091721661
0.03456442351861355
0.032107546417524446
0.02953207612351605
0.026847341930468005
0.004980725850563417
0.007969161360901644
0.010915838677799883
0.013805573869490217
0.016623823983907826
0.019356835677694306
0.02199177324499857
0.024516823174220548
0.026921273227006992
0.029195564960158293
0.03133131956097657
0.033321337797609374
0.03515957576304629
0.03684109887894493
0.03836201729342292
0.03971940633304882
0.04091121603354253
0.041936173970029245
0.04279368562890795
0.04348373641927239
0.0440067991193267
0.044363750112669464
0.04455579721200209
0.044584421220321246
0.044451332670575994
0.044158444445319134
0.04370786023795503
0.04310187810575172
0.04234300771154054
0.04143399927604108
0.04037788179145707
0.0391780076910635
0.037838100942028774
0.036362305435069686
0.03475523058525809
0.03302199122762062
0.031168239182676416
0.029200184262105466
0.02712460297112429
0.024948833715988883
0.022680757923629002
0.0040298751102527675
0.006447800176404783
0.008831939028581814
0.01117000646873656
0.013450235906734775
0.015661499614282093
0.017793412311355894
0.01983641576214623
0.021781842756976033
0.023621959607691423
0.025349987051257017
0.026960100210203564
0.028447408968151677
0.029807920755597905
0.03103848828193634
0.032136745174891956
0.03310103278383991
0.03393032156147413
0.034624130456620605
0.035182447633477665
0.035605655587904295
0.035894463375569785
0.03604984821509305
0.03607300820588932
0.035965327326493934
0.03572835328128576
0.03536378816404451
0.03487349133230566
0.03425949335653655
0.033524019444620023
0.032669520359224435
0.03169870855859358
0.03061459710725245
0.029420538826720133
0.0281202631897699
0.026717908599113827
0.02521804792592164
0.023625705505001093
0.02194636417539897
0.02018596140254303
0.01835087400231039
0.0030493253431895795
0.004878920549103327
0.0066829504604388745
0.008452119132940084
0.010177523039619274
0.011850742063774788
0.0134639178804008
0.015009817967818861
0.016481884021466442
0.017874264109437377
0.019181828489877262
0.020400169581552774
0.021525587114897604
0.022555059973477398
0.023486206644601992
0.024317236519667773
0.02504689450861619
0.02567440155185352
0.02619939362705992
0.026621861759792864
0.026942095361118135
0.02716063094639054
0.02727820794799385
0.027295732937854922
0.027214253142744838
0.0270349396810019
0.026759080497750887
0.026388082539440916
0.025923482308531476
0.025366963587785563
0.024720380834178712
0.02398578652538319
0.023165460601969556
0.02226194009149296
0.021278047024878788
0.020216912860643532
0.01908199780901043
0.017877103691343876
0.016606379267329885
0.015274317300868034
0.013885743000791706
0.0020458846266713238
0.0032734154026723417
0.004483793675195358
0.0056707825227064745
0.0068284083068554935
0.007951021722085727
0.009033350383973016
0.010070541776340036
0.011058195733543386
0.011992386014448186
0.01286967091518676
0.013687093249380666
0.014442170385908781
0.015132875356826503
0.015757610322722826
0.016315173899098312
0.016804723997083215
0.017225737911203964
0.017577971397795267
0.017861418426559084
0.018076273164339796
0.018222895569227404
0.018301781744185064
0.018313539933014766
0.018258872750834598
0.01813856593716423
0.01795348361583038
0.017704569753728805
0.01739285524212164
0.017019469788003505
0.016585657609692106
0.016092795784000913
0.015542413999583005
0.01493621443227866
0.014276090474940162
0.013564143123993233
0.012802693944347965
0.011994293697132008
0.011141725913628164
0.010248004926651788
0.009316368115136697
0.0010268798433870074
0.0016430077494185014
0.0022505263998091607
0.002846305332841581
0.003427346234602169
0.003990813581317809
0.004534061034579651
0.005054652997515063
0.0055503809184642705
0.00601927411952019
0.006459605123300349
0.006869889643098759
0.00724888158276471
0.007595563554183116
0.007909133559287795
0.008188988590262625
0.008434705978597634
0.00864602336227449
0.008822818146281719
0.00896508730105694
0.009072928281380399
0.009146521757127601
0.009186116733211236
0.009192018501249066
0.009164579720799537
0.009104194774163687
0.009011297387051087
0.008886361360879391
0.008729904127015686
0.008542492715061911
0.008324751630972571
0.008077372065741883
0.007801121810082634
0.0074968552301868385
0.007165522668636015
0.006808178669121645
0.006425988483798051
0.006020232403706416
0.005592307552618081
0.005143726898786838
0.004676115362531874
0
0
0
0
0
0
0
0
0
0
0
0
0
0
0
0
0
0
0
0
0
0
0
0
0
0
0
0
0
0
0
0
0
0
0
0
0
0
0
0
0
