0
0
0
0
0
0
0
0
0
0
0
0
0
0
0
0
0
0
0
0
0
0
0
0
0
0
0
0
0
0
0
0
0
0
0
0
0
0
0
0
0
0.000000000005073275133327115
0.000000000008117950756059145
0.000000000011116441100966767
0.000000000014090062450122787
0.0000000000170103930940968
0.0000000000198596694644948
0.00000000002261657527924399
0.00000000002532374310248997
0.00000000002788169695122633
0.00000000003036859652638668
0.000000000032720492981752614
0.00000000003496580802675453
0.000000000037054803669889225
0.0000000000389945853385143
0.00000000004079936388734495
0.000000000042447823034308385
0.00000000004391154106997419
0.00000000004523315055848798
0.000000000046348702653631335
0.00000000004731504077426507
0.00000000004808953235624358
0.00000000004867217739956686
0.00000000004907008133159252
0.000000000049261927870247746
0.00000000004929745500703575
0.000000000049105608468380524
0.000000000048750337100500474
0.000000000048196113766607596
0.00000000004744293846670189
0.00000000004651923291021376
0.0000000000453965753877128
0.00000000004411759846334462
0.000000000042660985855036415
0.00000000004105515927221859
0.000000000039264591578103136
0.000000000037346126191550866
0.000000000035278446830488974
0.00000000003306155349491746
0.00000000003070965703955153
0.000000000028251179173821583
0.00000000002568256718404882
0.000000000010109246773026825
0.00000000001617550537957868
0.000000000022172486069393926
0.00000000002808064891723916
0.00000000003389999392311438
0.00000000003957723038183758
0.00000000004510525286605116
0.00000000005044142881160951
0.00000000005559996907322784
0.00000000006053824108676054
0.0000000000652420339974924
0.00000000006969713695070823
0.00000000007386802280962002
0.00000000007774758614687016
0.00000000008135003781717387
0.00000000008463274525638553
0.00000000008757439218243235
0.00000000009018208402267192
0.00000000009245582077710424
0.0000000000943316535995109
0.00000000009586642590875272
0.00000000009705303227747208
0.0000000000978275238594506
0.00000000009823253321883385
0.00000000009826806035562186
0.00000000009792699984245701
0.0000000000972022462519817
0.00000000009607248330212315
0.00000000009460165983909974
0.00000000009276135415348108
0.00000000009053735539055197
0.00000000008799361239653081
0.0000000000850661763251992
0.00000000008186162858692114
0.00000000007830180948076304
0.0000000000744364569982281
0.00000000007032241455817712
0.00000000006590283874174929
0.00000000006124167839516304
0.000000000056346038945775945
0.00000000005122657853462442
0.000000000015088374993865727
0.000000000024140689447449404
0.00000000003310773877274187
0.00000000004191491598248831
0.00000000005058353735876153
0.00000000005906031219637953
0.00000000006730260793119669
0.00000000007529976642217662
0.0000000000829700752547069
0.00000000009032419256982394
0.00000000009734435479913373
0.00000000010398792937849066
0.00000000011021938917110674
0.00000000011602452332226676
0.00000000012139622640461312
0.0000000001262847604266426
0.00000000013070433624307043
0.00000000013459100500767818
0.00000000013795187214782345
0.00000000014080114851822145
0.00000000014309620155472658
0.00000000014482992582998122
0.0000000001460165321987006
0.00000000014661338809673907
0.00000000014664891523352708
0.000000000146116008181707
0.00000000014504308865070925
0.00000000014337331322167302
0.0000000001411635253134591
0.00000000013840661949870992
0.00000000013510259577742545
0.0000000001312940867137513
0.0000000001269739868803299
0.00000000012215650713187642
0.00000000011685585832310608
0.00000000011110756759080687
0.0000000001049329512170516
0.00000000009835332548391307
0.00000000009139711210082169
0.00000000008407496920881385
0.00000000007643308208571398
0.000000000019966250874858815
0.000000000031947777756613505
0.000000000043804959659610176
0.000000000055493387662863825
0.00000000006696510013171064
0.00000000007818812264304142
0.00000000008908074278224376
0.00000000009964651326299645
0.00000000010982503795275989
0.00000000011956657886003086
0.00000000012886758327113057
0.0000000001376605496261618
0.00000000014592416164305178
0.00000000015360512861661846
0.00000000016068923969214666
0.00000000016716938944227877
0.0000000001730029453028692
0.00000000017814727470977232
0.00000000018260948309034575
0.00000000018635404330780148
0.0000000001894093770715699
0.00000000019171153553543263
0.00000000019325341327203205
0.00000000019407764284551376
0.00000000019412027540965937
0.00000000019342394352861447
0.00000000019198154177502147
0.00000000018979307014888036
0.00000000018686563407754875
0.00000000018323476069781464
0.00000000017885071201817482
0.0000000001737916477395629
0.0000000001680788841440517
0.000000000161698210376926
0.0000000001546744954339374
0.00000000014709300444337714
0.000000000138921762982136
0.00000000013020340361435956
0.00000000012097700619051466
0.00000000011129586141578329
0.00000000010117773285855947
0.000000000024728663561290887
0.00000000003956657224080118
0.00000000005425171423212305
0.00000000006871658797535929
0.0000000000829381008315977
0.00000000009681500046099245
0.00000000011031886515411315
0.0000000001234070623468142
0.00000000013601209047919838
0.00000000014809131698712008
0.0000000001595950038790761
0.00000000017045920230884803
0.00000000018069457041747228
0.00000000019022294850401522
0.00000000019901946757272526
0.0000000002070237314910628
0.000000000214249951113743
0.0000000002206306248808687
0.0000000002261657527924399
0.00000000023078428057488054
0.00000000023454305164705147
0.0000000002374136442995223
0.00000000023933210968607455
0.0000000002403339749434963
0.0000000002403979237897147
0.000000000239538167079445
0.0000000002377475993853295
0.00000000023504043156208354
0.00000000023140955818234943
0.0000000002268834009555576
0.00000000022147617073642323
0.00000000021522694737541315
0.00000000020813217815884855
0.00000000020024870650559023
0.0000000001915516634198866
0.00000000018215118302578048
0.00000000017202239632752025
0.00000000016122925217132433
0.00000000014981083040765952
0.00000000013782397445538663
0.00000000012529710602393607
0.000000000029335645024275436
0.00000000004693667676747282
0.00000000006435207922095287
0.0000000000815312262147927
0.00000000009837819447966467
0.000000000114862785949299
0.00000000013087486649965285
0.00000000014640377798968984
0.00000000016135004443640355
0.00000000017568879684404237
0.0000000001893383227979939
0.00000000020226664787514892
0.00000000021438495423353743
0.00000000022567192559108662
0.0000000002361026929520449
0.00000000024562041289755143
0.00000000025415403115403024
0.0000000002617390748582693
0.00000000026829738430933503
0.0000000002738147486525122
0.00000000027826985160572804
0.0000000002816449296005885
0.00000000028393287720973603
0.0000000002851052727237402
0.0000000002851834324246738
0.00000000028416025088517927
0.00000000028204283353261417
0.0000000002788311803669785
0.0000000002745288441019511
0.00000000026916779916064115
0.00000000026275515097040625
0.0000000002553441902364284
0.000000000246910047962956
0.0000000002375415419919591
0.00000000022727064674654684
0.00000000021609380951304047
0.00000000020408208456501598
0.00000000019127455175294017
0.00000000017773515992303146
0.00000000016350654163943545
0.00000000014864198760733416
0.00000000003376232626806086
0.000000000054019011486161617
0.00000000007406875113247224
0.00000000009382894461396063
0.00000000011323209037072957
0.00000000013217871241977264
0.00000000015063150726746244
0.00000000016848034078975616
0.00000000018570389670458098
0.0000000002021884881742153
0.00000000021790569348922872
0.00000000023277024752133002
0.000000000246714648710622
0.0000000002597282389160682
0.0000000002717328584367351
0.00000000028265390028536785
0.00000000029250912803036044
0.0000000003012452509665309
0.00000000030877700396558794
0.00000000031512570330960443
0.00000000032025937457547116
0.0000000003241495960537577
0.0000000003267892623171065
0.00000000032812863537401427
0.0000000003282316640706995
0.0000000003270486104156589
0.00000000032459723797728657
0.00000000032090952117869165
0.00000000031596059102412255
0.0000000003097788692230097
0.00000000030241409376685624
0.00000000029385205380094703
0.00000000028417801445357327
0.00000000027337065944266215
0.0000000002615401228922565
0.00000000024869351022971387
0.0000000002348734540191799
0.00000000022013679767951544
0.00000000020454749005693884
0.00000000018817658542502613
0.00000000017107026906160172
0.000000000037981173761636455
0.00000000006077094383272197
0.00000000008332357026574755
0.00000000010555467611084168
0.00000000012736833809867676
0.00000000014869527831251617
0.0000000001694573370514263
0.00000000018954438019136433
0.00000000020890666974082706
0.00000000022745538785784447
0.00000000024512303298251936
0.0000000002618385508412757
0.00000000027755575615628914
0.000000000292160962089838
0.0000000003056790376376739
0.00000000031798208510736004
0.0000000003290736572125752
0.0000000003388578306839918
0.0000000003473559218036826
0.0000000003544933235843928
0.0000000003602735887398012
0.0000000003646434265647258
0.00000000036760638977284543
0.00000000036914116208208725
0.00000000036925484891980886
0.00000000036790126500818587
0.0000000003651585700481519
0.0000000003610161058986705
0.0000000003554418981366325
0.00000000034849634289457754
0.00000000034017588745882676
0.0000000003305693496713502
0.0000000003196980458142207
0.00000000030755842317375937
0.0000000002942357468782575
0.00000000027977620220553945
0.00000000026421886900607205
0.0000000002476561178355041
0.00000000023011637040326605
0.00000000021169199726500665
0.00000000019244694726694433
0.00000000004196643033083092
0.00000000006714628852932947
0.00000000009205969320191798
0.00000000011662848464766284
0.00000000014073009424464544
0.00000000016429169136245036
0.0000000001872209054454288
0.00000000020942891865161073
0.00000000023081625499798974
0.00000000025131896563834744
0.000000000270844680017035
0.0000000002893152384331188
0.00000000030665603389934404
0.0000000003228173284242075
0.000000000337731620447812
0.00000000035133851383761794
0.00000000036357761246108566
0.0000000003744133891814272
0.0000000003837925532934605
0.00000000039169023580143403
0.0000000003980566987138445
0.0000000004028954947443708
0.00000000040617109675622487
0.0000000004078621884673339
0.0000000004079616644503403
0.0000000004065086045557109
0.0000000004034674816466577
0.00000000039887027014628984
0.000000000392741839050359
0.0000000003850502139357559
0.0000000003758984234991658
0.0000000003652722568858735
0.0000000003532356629420974
0.0000000003398312742319831
0.00000000032510527603335504
0.0000000003091251699061104
0.00000000029195135198278876
0.0000000002736193494001782
0.00000000025426061256439425
0.0000000002339035631848674
0.00000000021264057181724638
0.00000000004568967426621384
0.00000000007310418936867791
0.00000000010023271101999853
0.0000000001269810923076875
0.0000000001532356463940232
0.00000000017888268644128402
0.00000000020384405274853634
0.00000000022802382204645255
0.00000000025131541292466864
0.0000000002736335602548934
0.0000000002948823407677992
0.0000000003149978056171676
0.0000000003338733733926347
0.00000000035150193866684276
0.00000000036771652389688825
0.00000000038252423451012874
0.0000000003958504635193094
0.0000000004076561310739635
0.0000000004178701829005149
0.00000000042646775000321213
0.0000000004333919889631943
0.00000000043866776877621305
0.00000000044221692974133475
0.0000000004440749989953474
0.00000000044420644940146303
0.0000000004425970701049664
0.00000000043930725723839714
0.00000000043428016738289443
0.0000000004275939602393919
0.0000000004192273195258167
0.0000000004092548522294237
0.0000000003976978746322857
0.00000000038459901929854823
0.00000000036999381336499937
0.0000000003539639692462515
0.00000000033656633036116546
0.0000000003178541874149232
0.000000000297912805535816
0.00000000027683100256581383
0.0000000002546691746374563
0.00000000023151791594955284
0.00000000004913625062386018
0.00000000007861711281975658
0.000000000107792885728486
0.00000000013654855024469725
0.00000000016477663677960663
0.00000000019236878756601072
0.0000000002192095394093485
0.00000000024520829811081057
0.0000000002702655876873905
0.0000000002942428523056151
0.0000000003171116702560539
0.00000000033872638027787616
0.00000000035905500794797263
0.0000000003779803137149429
0.00000000039543479601888976
0.0000000004113651641546312
0.00000000042570391656227
0.0000000004383728935408726
0.00000000044936143694940256
0.00000000045859849251428386
0.0000000004660627439534437
0.0000000004717257695574517
0.0000000004755627003305563
0.0000000004775486672770057
0.0000000004776801176831214
0.0000000004759712624036183
0.0000000004724185487248178
0.0000000004670290820740775
0.00000000045981707330611243
0.00000000045083226041242597
0.00000000044010661781612725
0.0000000004276650145129679
0.0000000004135820574902027
0.0000000003978755103162257
0.00000000038064840168772207
0.00000000036194336416883743
0.0000000003418207938921114
0.000000000320387272267908
0.0000000002976925372877304
0.0000000002738609339303366
0.0000000002489635164693027
0.00000000005227507315908042
0.00000000008363976178316079
0.00000000011467804483800137
0.00000000014527579139667068
0.00000000017531398555092892
0.00000000020466828232201806
0.0000000002332338766564135
0.0000000002608864235753572
0.00000000028752822345268214
0.00000000031305802394854254
0.00000000033737990179361077
0.0000000003603872755775228
0.00000000038201619645406026
0.0000000004021387667307863
0.0000000004207123538435553
0.0000000004376516926640761
0.00000000045289993977348786
0.0000000004664073571802874
0.0000000004780993378972198
0.0000000004879048276507092
0.0000000004958664590049011
0.0000000005018918614041468
0.0000000005059561658526945
0.000000000508066477777902
0.0000000005082192444660905
0.0000000005063967023488658
0.0000000005026024041399069
0.0000000004968825351170381
0.000000000489208673570829
0.000000000479662531915892
0.0000000004682512155795848
0.00000000045501380441237416
0.00000000044001779997415724
0.0000000004233271511111525
0.0000000004049809376738267
0.0000000003850821883588651
0.0000000003636770884440921
0.00000000034085800848515646
0.00000000031672797717874346
0.0000000002913687069394655
0.00000000026488145010716835
0.00000000005509548373083817
0.00000000008815170815523743
0.00000000012086420753121274
0.0000000001531130777721046
0.00000000018476420393653825
0.00000000021570301100837241
0.00000000024580337765200966
0.00000000027494806431604957
0.00000000030303937137432513
0.0000000003299511774912389
0.00000000035557690125642694
0.00000000037981706668688275
0.00000000040261127765006677
0.00000000042383163645354216
0.0000000004434106415374117
0.00000000046125592234602664
0.0000000004773283990289201
0.0000000004915605700261949
0.0000000005038671702095598
0.0000000005142339887242997
0.0000000005226077348652325
0.0000000005289599869229278
0.0000000005332339014785248
0.0000000005354721110961691
0.0000000005356177723569999
0.0000000005336957542567689
0.0000000005297131622228335
0.0000000005236735489688726
0.0000000005155911253496015
0.0000000005055227347838809
0.000000000493482588126426
0.0000000004795488450781704
0.0000000004637463746348658
0.0000000004461497837837669
0.0000000004268159159437346
0.0000000004058335889567388
0.00000000038327740981003444
0.00000000035923619634559145
0.00000000033379876640537987
0.0000000003070717013997637
0.00000000027915625366858876
0.00000000005757305743259167
0.00000000009211742479919849
0.0000000001263025239950366
0.00000000016000001323845936
0.00000000019308465937228902
0.00000000022540724842201598
0.0000000002568629753341156
0.0000000002873310478435087
0.00000000031667468647356145
0.0000000003447979679549462
0.0000000003715641128110292
0.00000000039690917219559196
0.0000000004207336701256281
0.00000000044289549805398565
0.00000000046334136527548253
0.0000000004820215337986156
0.0000000004988116586446267
0.0000000005136655545356916
0.000000000526551247048701
0.000000000537379918341685
0.0000000005461018304231402
0.0000000005527560631435335
0.0000000005572289296651434
0.0000000005595701679794729
0.0000000005597335928086977
0.000000000557715651439139
0.0000000005535447655802272
0.0000000005472315933729988
0.0000000005388081092405628
0.0000000005282778658965981
0.0000000005156870486189291
0.0000000005011244752495259
0.0000000004846185674978187
0.0000000004662297214963473
0.0000000004460325442323665
0.0000000004240980899794522
0.0000000004005329401479685
0.00000000037540814901149133
0.000000000348826745266706
0.00000000032089175761029765
0.00000000029172220195050613
0.00000000005969713612330452
0.00000000009551559543297117
0.00000000013096546069846227
0.0000000001659046233726258
0.00000000020020252122776583
0.00000000023372770385776676
0.00000000026634872085651295
0.0000000002979199109631736
0.0000000003283489036220999
0.000000000357516682925052
0.0000000003852882457522355
0.00000000041156056340696523
0.0000000004362377126199135
0.00000000045924153369014675
0.0000000004804512343525857
0.0000000004997957603336545
0.0000000005172147155008133
0.0000000005326263874394499
0.0000000005459668273033458
0.0000000005571862971009978
0.0000000005662563751229754
0.0000000005731344288051332
0.0000000005777920364380407
0.0000000005802043290259462
0.0000000005803784119962074
0.0000000005782894163530727
0.0000000005739622110922937
0.0000000005674145597822644
0.0000000005586713314187364
0.0000000005477396314290672
0.0000000005347153830825846
0.0000000005196199026613613
0.000000000502492270015864
0.0000000004834319611290994
0.0000000004624816085652128
0.0000000004397477937345684
0.00000000041529091276970576
0.0000000003892601796451345
0.0000000003616982269250002
0.0000000003327347286585791
0.00000000030248692439727165
0.00000000006145350894826151
0.00000000009832579195290236
0.0000000001348139377910229
0.00000000017079049285939618
0.00000000020608759143669886
0.0000000002406022048262457
0.00000000027417534909091046
0.00000000030668800832245324
0.00000000033800873211475846
0.0000000003680291627006227
0.0000000003966142969602515
0.00000000042366465891063854
0.0000000004490843252824561
0.0000000004727489510969463
0.0000000004945803766531753
0.0000000005145039949638885
0.0000000005324238827597583
0.0000000005482760911945661
0.0000000005620215404178452
0.0000000005735927288696985
0.0000000005829186022765498
0.000000000590002713352078
0.0000000005947953241047799
0.0000000005972609073978674
0.0000000005974385430818074
0.0000000005953033621608483
0.0000000005908589173486689
0.0000000005841158667863056
0.0000000005751026321831887
0.0000000005638689515308215
0.0000000005504574573933496
0.0000000005349072296212398
0.0000000005172751116333529
0.0000000004976392631306226
0.0000000004760813965276611
0.00000000045268677695275983
0.0000000004275264586794947
0.0000000004007070231182297
0.0000000003723474861772047
0.0000000003425260075573533
0.0000000003113882485195063
0.00000000006283107367721641
0.00000000010053025079059807
0.00000000013784173802378064
0.00000000017461854184830372
0.0000000002107150010033365
0.0000000002459952241906649
0.0000000002803162146847171
0.0000000003135554038635746
0.00000000034558667039163993
0.00000000037627501114911865
0.0000000004055067392982892
0.0000000004331575098603935
0.00000000045914205770714034
0.0000000004833431432871294
0.0000000005056719487583905
0.0000000005260289981379174
0.000000000544361000720528
0.0000000005605791386642522
0.0000000005746230158365506
0.0000000005864464469595987
0.000000000595985483187178
0.0000000006032223609508947
0.0000000006081215531139605
0.0000000006106688488216605
0.0000000006108358263645641
0.000000000608647354738423
0.0000000006040927758022008
0.0000000005972005112653278
0.0000000005879847719825193
0.0000000005765024013726361
0.0000000005627889265724662
0.0000000005468798747187975
0.0000000005288711690809578
0.0000000005087947840820561
0.0000000004867573011324566
0.00000000046282266907837766
0.00000000043710457475754083
0.00000000040968473058455857
0.0000000003806732706834737
0.0000000003501998691035624
0.0000000003183657781846705
0.0000000000638200603475525
0.000000000102112096556084
0.00000000014001244608152774
0.0000000001773639013435968
0.00000000021402968286565738
0.00000000024986945845739683
0.00000000028473934321482375
0.0000000003184990049476255
0.0000000003510258750338835
0.0000000003822009375653579
0.0000000004119016239201301
0.00000000043998582555104804
0.0000000004663647246161418
0.0000000004909495032734412
0.0000000005136300273989036
0.0000000005343210318642377
0.0000000005529372515411524
0.0000000005694076321560715
0.0000000005836788830038131
0.0000000005956763970971224
0.0000000006053682000128902
0.0000000006127187646143284
0.0000000006176890110509703
0.0000000006202789393228159
0.0000000006204672331477923
0.0000000006182361289575056
0.0000000006136140484613861
0.0000000006066187552278279
0.0000000005972466965431522
0.0000000005855831375356502
0.0000000005716636053421098
0.0000000005554987581035675
0.0000000005371951772303873
0.0000000005168097061414301
0.0000000004944276099649869
0.0000000004701057321199187
0.000000000443975523012341
0.0000000004161329059115815
0.0000000003866720277301283
0.00000000035571545708990016
0.0000000003233768808286186
0.00000000006441647215638113
0.00000000010306600017884193
0.00000000014131806835848693
0.00000000017902568316685574
0.00000000021603518973734026
0.00000000025220536770120816
0.0000000002874056548307635
0.00000000032147617901046033
0.00000000035431924061413156
0.000000000385787402024107
0.0000000004157421074069134
0.0000000004440927625637414
0.0000000004707345624410664
0.0000000004955431620601303
0.0000000005184368490063207
0.0000000005393090418692736
0.0000000005581028972301283
0.0000000005747260445332358
0.0000000005891251930734143
0.0000000006012434994318028
0.000000000611034778330577
0.0000000006184492917782336
0.0000000006234621707790211
0.0000000006260627571919031
0.0000000006262546037305583
0.0000000006240234995402716
0.0000000006193445756252913
0.0000000006122817808318359
0.000000000602842220587263
0.0000000005910578693146817
0.0000000005769926758603106
0.0000000005606857200746163
0.0000000005422187143722113
0.00000000052163784403092
0.0000000004990425850337488
0.0000000004745004389405949
0.0000000004481286453028588
0.0000000004200195746761892
0.00000000039029401932566543
0.000000000359039020736418
0.0000000003264002401692778
0.00000000006461586821160381
0.00000000010338485623151428
0.00000000014175327578414
0.00000000017957901832232892
0.00000000021669599448159715
0.00000000025298341199686547
0.00000000028828850417994545
0.00000000032246738612684567
0.0000000003554081473566839
0.00000000038697045567914756
0.0000000004170281897586392
0.0000000004454641100437584
0.0000000004721805169083382
0.0000000004970814870830509
0.0000000005200426755891385
0.0000000005409894754393463
0.0000000005598295160780253
0.0000000005765059540863149
0.0000000005909512879043177
0.0000000006031051213994942
0.00000000061292126929402
0.0000000006203713098784647
0.0000000006253948470202886
0.0000000006280203024289222
0.000000000628201490826541
0.0000000006259277540721087
0.000000000621255935584486
0.0000000006141718245089578
0.0000000006046967371275969
0.0000000005928910695729428
0.0000000005787761381270684
0.0000000005624229970635497
0.0000000005438920425149263
0.000000000523240117900059
0.000000000500588015484027
0.0000000004759783678309759
0.0000000004495248617786274
0.0000000004213340787373454
0.0000000003914966129059394
0.000000000360143914690525
0.00000000032740388178353896
0.00000000006441780442401068
0.00000000010306866471410103
0.00000000014131806835848693
0.00000000017901768956107844
0.00000000021602630795314326
0.00000000025220359134436876
0.0000000002873985494034059
0.00000000032147440265362093
0.00000000035430680611625576
0.0000000003857714148125524
0.000000000415749212834271
0.0000000004440892098500626
0.0000000004707345624410664
0.0000000004955502674874879
0.0000000005184368490063207
0.0000000005393090418692736
0.0000000005581135553711647
0.000000000574722491819557
0.0000000005891145349323779
0.0000000006012541575728392
0.0000000006110241201895406
0.00000000061845994991927
0.0000000006234692762063787
0.0000000006260805207602971
0.0000000006262510510168795
0.0000000006240128413992352
0.0000000006193516810526489
0.0000000006122817808318359
0.0000000006028386678735842
0.0000000005910614220283605
0.0000000005769926758603106
0.0000000005606928255019739
0.0000000005422080562311749
0.0000000005216342913172411
0.0000000004990425850337488
0.0000000004745039916542737
0.0000000004481375270870558
0.0000000004200249037467074
0.00000000039029401932566543
0.0000000003590407970932574
0.0000000003264020165261172
0.00000000006382139261518205
0.0000000001021138729129234
0.00000000014000978154626864
0.0000000001773621249867574
0.00000000021403145922249678
0.00000000024986945845739683
0.00000000028473934321482375
0.0000000003185061103749831
0.0000000003510312041044017
0.0000000003822080429927155
0.0000000004119016239201301
0.00000000043998227283736924
0.000000000466378935470857
0.0000000004909637141281564
0.0000000005136264746852248
0.0000000005343139264368801
0.0000000005529301461137948
0.0000000005694040794423927
0.0000000005836753302901343
0.0000000005956728443834436
0.0000000006053753054402478
0.0000000006127223173280072
0.0000000006176961164783279
0.0000000006202967028912099
0.0000000006204565750067559
0.0000000006182254708164692
0.0000000006135998376066709
0.0000000006066009916594339
0.0000000005972609073978674
0.0000000005855795848219714
0.0000000005716564999147522
0.0000000005555129689582827
0.0000000005371916245167085
0.0000000005168097061414301
0.0000000004944276099649869
0.0000000004701163902609551
0.0000000004439790757260198
0.00000000041612935319790267
0.0000000003866773568006465
0.00000000035572078616041836
0.0000000003233822098991368
0.00000000006283018549879671
0.00000000010052847443375867
0.00000000013783729713168213
0.00000000017461765366988402
0.0000000002107096719328183
0.0000000002459952241906649
0.0000000002803179910415565
0.0000000003135625092909322
0.00000000034558667039163993
0.00000000037627501114911865
0.000000000405501410227771
0.0000000004331717207151087
0.00000000045914205770714034
0.0000000004833395905734506
0.0000000005056719487583905
0.0000000005260289981379174
0.0000000005443645534342068
0.0000000005605755859505734
0.0000000005746230158365506
0.0000000005864393415322411
0.000000000595985483187178
0.0000000006032152555235371
0.0000000006081286585413181
0.0000000006106724015353393
0.0000000006108358263645641
0.0000000006086509074521018
0.0000000006040927758022008
0.000000000597196958551649
0.0000000005879989828372345
0.0000000005765024013726361
0.0000000005627853738587874
0.0000000005468798747187975
0.0000000005288711690809578
0.0000000005087983367957349
0.0000000004867573011324566
0.00000000046283332721941406
0.00000000043710990382805903
0.00000000040969183601191617
0.0000000003806821524676707
0.00000000035020697453092
0.0000000003183693308983493
0.00000000006145262076984181
0.00000000009832401559606296
0.0000000001348210432183805
0.00000000017078516378887798
0.00000000020609292050721706
0.0000000002406004284694063
0.00000000027417534909091046
0.00000000030668090289509564
0.00000000033801228482843726
0.0000000003680362681279803
0.0000000003966249551012879
0.00000000042367531705167494
0.0000000004490630090003833
0.0000000004727560565243039
0.0000000004945803766531753
0.0000000005145075476775673
0.0000000005324451990418311
0.0000000005482867493356025
0.0000000005620321985588816
0.0000000005735927288696985
0.0000000005829363658449438
0.0000000005899991606383992
0.0000000005947988768184587
0.0000000005972715655389038
0.0000000005974492012228438
0.0000000005953104675882059
0.0000000005908447064939537
0.0000000005841052086452692
0.0000000005751026321831887
0.0000000005638618461034639
0.0000000005504574573933496
0.0000000005348965714802034
0.0000000005172680062059953
0.0000000004976428158443014
0.0000000004760813965276611
0.00000000045267256609804463
0.0000000004275229059658159
0.0000000004006999176908721
0.0000000003723439334635259
0.0000000003425277839141927
0.0000000003113882485195063
0.00000000005969758021251437
0.00000000009551559543297117
0.00000000013096279616320317
0.0000000001659001824805273
0.00000000020019896851408703
0.00000000023372770385776676
0.00000000026634161542915535
0.0000000002979252400336918
0.0000000003283506799789393
0.0000000003575202356387308
0.0000000003852864693953961
0.00000000041155701069328643
0.0000000004362448180472711
0.00000000045924153369014675
0.0000000004804441289252281
0.0000000004998064184746909
0.0000000005172076100734557
0.0000000005326299401531287
0.0000000005459703800170246
0.000000000557200507955713
0.0000000005662705859776906
0.000000000573137981518812
0.0000000005777742728696467
0.0000000005802043290259462
0.0000000005803748592825286
0.0000000005782965217804303
0.0000000005739693165196513
0.0000000005674252179233008
0.0000000005586677787050576
0.0000000005477573949974612
0.0000000005347295939372998
0.0000000005196163499476825
0.0000000005024887173021853
0.0000000004834177502743842
0.0000000004624922667062492
0.0000000004397477937345684
0.00000000041530334726758156
0.0000000003892584032882951
0.0000000003616964505681608
0.0000000003327329523017397
0.00000000030248514804043225
0.00000000005757394561101137
0.00000000009211831297761819
0.0000000001263078530655548
0.00000000016000623048739726
0.00000000019308110665861022
0.00000000022541257749253418
0.0000000002568629753341156
0.0000000002873239424161511
0.00000000031666402833252505
0.000000000344792638884428
0.0000000003715605600973504
0.00000000039692338305030717
0.0000000004207301174119493
0.00000000044289905076766445
0.00000000046335202341651893
0.0000000004820179810849368
0.0000000004988081059309479
0.000000000513676212676728
0.000000000526533483480307
0.000000000537379918341685
0.0000000005461124885641766
0.0000000005527489577161759
0.0000000005572431405198586
0.0000000005595630625521153
0.0000000005597264873813401
0.0000000005577192041528178
0.000000000553548318293906
0.0000000005472315933729988
0.00000000053878679295849
0.0000000005282778658965981
0.0000000005156941540462867
0.0000000005011315806768835
0.0000000004846150147841399
0.0000000004662226160689897
0.0000000004460218860913301
0.0000000004240909845520946
0.00000000040051517657957447
0.00000000037539926722729433
0.0000000003488214161961878
0.00000000032089708668081585
0.00000000029172575466418493
0.00000000005509326328478892
0.00000000008814904361997833
0.00000000012086687206647184
0.0000000001531139659505243
0.00000000018476775665021705
0.00000000021569768193785421
0.00000000024580337765200966
0.00000000027495516974340717
0.00000000030304114773116453
0.0000000003299440720638813
0.00000000035556624311539053
0.00000000037982061940056155
0.00000000040260772493638797
0.00000000042382453102618456
0.0000000004434035361100541
0.00000000046126658048706304
0.0000000004773319517425989
0.0000000004915534645988373
0.0000000005038707229232386
0.0000000005142268832969421
0.0000000005226041821515537
0.0000000005289457760682126
0.00000000053324811233324
0.0000000005354650056688115
0.0000000005356213250706787
0.0000000005336957542567689
0.0000000005297060567954759
0.0000000005236593381141574
0.0000000005155982307769591
0.0000000005055191820702021
0.0000000004934896935537836
0.0000000004795452923644916
0.0000000004637463746348658
0.0000000004461462310700881
0.0000000004268159159437346
0.0000000004058371416704176
0.00000000038327385709635564
0.00000000035923974905927025
0.00000000033380942454641627
0.0000000003070823595408001
0.00000000027916691180962516
0.00000000005227640542670997
0.00000000008364153814000019
0.00000000011468426208693927
0.00000000014527934411034948
0.00000000017530688012357132
0.00000000020467005867885746
0.0000000002332267712290559
0.0000000002608881999321966
0.00000000028753888159371854
0.00000000031306512937590014
0.00000000033737990179361077
0.000000000360401486432238
0.00000000038200553831302386
0.0000000004021423194444651
0.0000000004207265646982705
0.0000000004376730089461489
0.00000000045291059791452426
0.0000000004664109098939662
0.000000000478095785183541
0.0000000004879296966464608
0.0000000004958664590049011
0.0000000005018847559767892
0.0000000005059668239937309
0.0000000005080700304915808
0.0000000005082227971797693
0.0000000005064002550625446
0.0000000005025988514262281
0.0000000004968718769760017
0.0000000004892157789981866
0.0000000004796554264885344
0.0000000004682405574385484
0.00000000045501025169869536
0.00000000044002135268783604
0.0000000004233129402564373
0.0000000004049809376738267
0.0000000003850715302178287
0.0000000003636664303030557
0.00000000034085623212831706
0.00000000031672442446506466
0.0000000002913687069394655
0.00000000026487967375032895
0.00000000004913403017781093
0.00000000007861533646291718
0.0000000001077911093716466
0.00000000013655387931521545
0.00000000016477308406592783
0.00000000019236878756601072
0.0000000002192113157661879
0.00000000024520119268345297
0.0000000002702567059031935
0.0000000002942606158740091
0.0000000003171187756834115
0.00000000033873348570523376
0.00000000035905856066165143
0.0000000003779767610012641
0.00000000039544190144624736
0.0000000004113616114409524
0.0000000004257003638485912
0.0000000004383764462545514
0.00000000044936143694940256
0.00000000045860915065532026
0.0000000004660627439534437
0.0000000004717293222711305
0.0000000004755591476168775
0.0000000004775486672770057
0.0000000004776836703968002
0.0000000004759712624036183
0.0000000004724078905837814
0.000000000467018423933041
0.00000000045982417873347003
0.00000000045083581312610477
0.00000000044010306510244845
0.0000000004276756726540043
0.0000000004135820574902027
0.0000000003978755103162257
0.00000000038064484897404327
0.00000000036193270602780103
0.0000000003418243466057902
0.00000000032038371955422917
0.0000000002977014190719274
0.000000000273862710287176
0.0000000002489652928261421
0.00000000004569100653384339
0.00000000007310507754709761
0.00000000010023182284157883
0.0000000001269722105234905
0.0000000001532232118961474
0.00000000017888091008444462
0.00000000020385471088957274
0.00000000022802204568961315
0.00000000025130475478363223
0.000000000273622902113857
0.000000000294885893481478
0.00000000031499070018981
0.0000000003338946896747075
0.00000000035148417509844876
0.00000000036771652389688825
0.00000000038253133993748634
0.0000000003958646743740246
0.0000000004076561310739635
0.0000000004178666301868361
0.00000000042645709186217573
0.0000000004333955416768731
0.00000000043865355792149785
0.00000000044222758788237115
0.0000000004440785517090262
0.00000000044419223854674783
0.000000000442604175532324
0.00000000043929304638368194
0.00000000043428727281025203
0.0000000004275939602393919
0.0000000004192415303805319
0.0000000004092655103704601
0.00000000039769076920492807
0.00000000038459546658486943
0.00000000037000447150603577
0.0000000003539675219599303
0.00000000033657698850220186
0.0000000003178648455559596
0.0000000002979270163905312
0.00000000027683455527949263
0.0000000002546727273511351
0.00000000023152146866323164
0.00000000004196465397399152
0.00000000006714362399407037
0.00000000009206324591559678
0.00000000011661960286346584
0.00000000014073542331516364
0.00000000016429524407612917
0.0000000001872297872296258
0.00000000020943424772212893
0.00000000023080914957063214
0.00000000025131541292466864
0.0000000002708304691623198
0.00000000028931168571944
0.00000000030665958661302284
0.0000000003228208811378863
0.0000000003377422785888484
0.00000000035134206655129674
0.00000000036358116517476446
0.0000000003744133891814272
0.0000000003837996587208181
0.00000000039167957766039763
0.0000000003980531460001657
0.0000000004028990474580496
0.00000000040618175489726127
0.0000000004078657411810127
0.0000000004079794280187343
0.0000000004065121572693897
0.0000000004034603762193001
0.00000000039887382285996864
0.00000000039272052276828617
0.0000000003850466612220771
0.0000000003758735545034142
0.0000000003652651514585159
0.0000000003532321102284186
0.0000000003398206160909467
0.00000000032510172331967624
0.0000000003091287226197892
0.00000000029194069384175236
0.0000000002736371129685722
0.00000000025425705985071545
0.0000000002339000104711886
0.00000000021263701910356758
0.000000000037980285583216755
0.00000000006076827929746287
0.00000000008332357026574755
0.00000000010555467611084168
0.00000000012736833809867676
0.00000000014870593645355257
0.0000000001694520079809081
0.00000000018954793290504313
0.00000000020890666974082706
0.00000000022745183514416567
0.00000000024511592755516176
0.0000000002618385508412757
0.00000000027755220344261033
0.0000000002921716202308744
0.0000000003056683794966375
0.00000000031798919053471764
0.0000000003290487882168236
0.000000000338872041538707
0.0000000003473523690900038
0.0000000003544862181570352
0.0000000003602735887398012
0.0000000003646434265647258
0.00000000036760638977284543
0.00000000036914116208208725
0.00000000036922642721037846
0.0000000003679225812902587
0.0000000003651727809028671
0.0000000003610161058986705
0.0000000003554205818545597
0.00000000034848568475354114
0.00000000034020075645457837
0.000000000330590665953423
0.0000000003196944931005419
0.00000000030755487046008056
0.0000000002942321941645787
0.00000000027976554406450305
0.00000000026421886900607205
0.0000000002476561178355041
0.00000000023013058125798125
0.00000000021169022090816725
0.00000000019244694726694433
0.00000000003376143808964116
0.000000000054018123307741917
0.00000000007406875113247224
0.00000000009382894461396063
0.00000000011321965587285376
0.00000000013218937056080904
0.00000000015063150726746244
0.00000000016849810435815016
0.00000000018570389670458098
0.0000000002021884881742153
0.00000000021789148263451352
0.00000000023276314209397242
0.0000000002467217541379796
0.0000000002597211334887106
0.0000000002717115421546623
0.00000000028265390028536785
0.00000000029251268074403924
0.00000000030122393468445807
0.00000000030876989853823034
0.00000000031512570330960443
0.00000000032025937457547116
0.0000000003241460433400789
0.0000000003267714987487125
0.00000000032812863537401427
0.0000000003282458749254147
0.0000000003270628212703741
0.00000000032462210697303817
0.00000000032090596846501285
0.00000000031596059102412255
0.0000000003097824219366885
0.00000000030240343562581984
0.00000000029386626465566223
0.00000000028420288344932487
0.00000000027339197572473495
0.0000000002615543337469717
0.00000000024869706294339267
0.0000000002348663485918223
0.00000000022014745582055184
0.00000000020455814819797524
0.00000000018818369085238373
0.00000000017107559813211992
0.000000000029334756845855736
0.00000000004693490041063342
0.00000000006435740829147107
0.0000000000815223444305957
0.00000000009838174719334347
0.0000000001148521278082626
0.00000000013088907735436806
0.00000000014640733070336864
0.00000000016135359715008235
0.00000000017567458598932717
0.0000000001893241119432787
0.00000000020223822616571852
0.00000000021435653252410702
0.00000000022566126745005022
0.0000000002360920348110085
0.00000000024559554390179983
0.00000000025415047844035143
0.0000000002617035477214813
0.00000000026828317345461983
0.0000000002738040905114758
0.00000000027826274617837043
0.0000000002816413768869097
0.00000000028391866635502083
0.0000000002851230362921342
0.0000000002852011959930678
0.00000000028417446173989447
0.00000000028205349167365057
0.0000000002788311803669785
0.0000000002745252913882723
0.00000000026916069373328355
0.00000000026275515097040625
0.0000000002553299793817132
0.0000000002469136006766348
0.0000000002375593055603531
0.00000000022726709403286804
0.00000000021609025679936167
0.00000000020406787371030077
0.00000000019128520989397657
0.00000000017773515992303146
0.00000000016351009435311425
0.00000000014864554032101296
0.000000000024728663561290887
0.00000000003956657224080118
0.00000000005424460880476545
0.00000000006872191704587749
0.00000000008292744269056129
0.00000000009681855317467125
0.00000000011032597058147076
0.0000000001233999569194566
0.00000000013600853776551958
0.00000000014808776427344128
0.0000000001595914511653973
0.00000000017047696587724204
0.00000000018069457041747228
0.00000000019021939579033642
0.00000000019901591485904646
0.0000000002070237314910628
0.0000000002142286348316702
0.0000000002206235194535111
0.00000000022614443651036709
0.00000000023079849142959574
0.00000000023455370978808787
0.00000000023739588073112827
0.00000000023933566239975335
0.0000000002403268695161387
0.0000000002403979237897147
0.0000000002395346143657662
0.0000000002377475993853295
0.00000000023504043156208354
0.00000000023141666360970703
0.0000000002268869536692364
0.00000000022149038159113843
0.00000000021522694737541315
0.00000000020813928358620615
0.00000000020023094293719623
0.0000000001915658742746018
0.00000000018215118302578048
0.00000000017202239632752025
0.00000000016122569945764553
0.00000000014982504126237473
0.00000000013781686902802903
0.00000000012528644788289967
0.000000000019968027231698215
0.000000000031949554113452905
0.000000000043803183302770776
0.000000000055486282235506224
0.00000000006696865284538944
0.00000000007817746450200502
0.00000000008908784820960136
0.00000000009963940783563885
0.00000000010982503795275989
0.00000000011958078971474606
0.00000000012887824141216697
0.0000000001376676550535194
0.00000000014591705621569417
0.00000000015361223404397606
0.00000000016070345054686186
0.00000000016716938944227877
0.0000000001729851817344752
0.00000000017815438013712992
0.00000000018260948309034575
0.00000000018636825416251668
0.0000000001894164824989275
0.00000000019170443010807503
0.00000000019327472955410485
0.00000000019406343199079856
0.00000000019412382812333817
0.00000000019342039081493567
0.00000000019198864720237907
0.00000000018977885929416516
0.00000000018685852865019115
0.00000000018319568084734783
0.00000000017885071201817482
0.0000000001737987531669205
0.0000000001680824368577305
0.000000000161698210376926
0.0000000001546851535749738
0.00000000014710721529809234
0.0000000001389182102684572
0.00000000013019274547332316
0.00000000012098411161787226
0.00000000011129586141578329
0.00000000010117773285855947
0.000000000015084822280186927
0.000000000024137136733770603
0.000000000033091751561187266
0.00000000004191846869616711
0.00000000005058709007244033
0.00000000005906031219637953
0.00000000006729194979016029
0.00000000007528555556746142
0.0000000000829807333957433
0.00000000009033485071086034
0.00000000009735146022649133
0.00000000010399503480584826
0.00000000011023715273950074
0.00000000011603162874962436
0.00000000012140688454564952
0.0000000001262883131403214
0.00000000013067946724731883
0.00000000013458745229399938
0.00000000013795542486150225
0.00000000014079404309086385
0.00000000014308909612736898
0.00000000014481926768894482
0.00000000014600232134398539
0.00000000014661338809673907
0.00000000014665246794720588
0.000000000146116008181707
0.00000000014504308865070925
0.00000000014337686593535182
0.0000000001411741834544955
0.00000000013840661949870992
0.00000000013510259577742545
0.0000000001312869812863937
0.0000000001269668814529723
0.00000000012214940170451882
0.00000000011685941103678488
0.00000000011112177844552207
0.0000000001049365039307304
0.00000000009836398362494947
0.00000000009139355938714289
0.00000000008407141649513505
0.00000000007642952937203518
0.000000000010107470416187425
0.00000000001617195266589988
0.000000000022168933355715126
0.00000000002809130705827556
0.00000000003389644120943558
0.00000000003957723038183758
0.00000000004510525286605116
0.00000000005044853423896711
0.00000000005559996907322784
0.00000000006053824108676054
0.000000000065231375856456
0.00000000006967582066863542
0.00000000007387157552329882
0.00000000007776179700158536
0.00000000008134648510349507
0.00000000008462919254270673
0.00000000008758149760978995
0.00000000009018918945002952
0.00000000009245226806342544
0.0000000000943423117405473
0.00000000009588418947714672
0.00000000009703882142275688
0.0000000000978523928552022
0.00000000009823963864619145
0.00000000009827516578297946
0.0000000000979127889877418
0.0000000000971951408246241
0.00000000009607248330212315
0.00000000009459100169806334
0.00000000009274359058508708
0.00000000009055156624526717
0.0000000000879865069691732
0.0000000000850839398935932
0.00000000008185452315956354
0.00000000007831246762179944
0.0000000000744684314213373
0.00000000007032241455817712
0.00000000006590994416910689
0.00000000006125233653619944
0.000000000056335380804739543
0.00000000005121236767990922
0.000000000005069722419648315
0.000000000008114398042380344
0.000000000011116441100966767
0.000000000014090062450122787
0.000000000016989076812023995
0.0000000000198490113234584
0.00000000002263433884763799
0.000000000025302426820417168
0.00000000002787814423754753
0.00000000003035438567167148
0.00000000003271694026807381
0.00000000003495514988571813
0.000000000037051250956210424
0.0000000000389910326248355
0.00000000004078515303262975
0.00000000004243005946591438
0.000000000043925751924689393
0.00000000004524025598584558
0.000000000046359360794667737
0.00000000004732214620162267
0.00000000004808953235624358
0.00000000004866507197220926
0.00000000004906652861791372
0.00000000004927969143864175
0.00000000004929745500703575
0.00000000004909850304102292
0.000000000048750337100500474
0.000000000048192561052928795
0.00000000004745359660773829
0.00000000004651568019653496
0.000000000045417891669785604
0.000000000044138914745417424
0.000000000042671643996072817
0.00000000004105160655853979
0.00000000003927880243281834
0.00000000003735323161890847
0.00000000003526423597577377
0.00000000003306865892227506
0.00000000003070965703955153
0.000000000028258284601179184
0.000000000025686119897727622
0
0
0
0
0
0
0
0
0
0
0
0
0
0
0
0
0
0
0
0
0
0
0
0
0
0
0
0
0
0
0
0
0
0
0
0
0
0
0
0
0
