0
0
0
0
0
0
0
0
0
0
0
0
0
0
0
0
0
0
0
0
0
0
0
0
0
0
0
0
0
0
0
0
0
0
0
0
0
0
0
0
0
0.00036945890865780484
0.0005911342538524877
0.0008103886899206714
0.0010263261951948266
0.0012380669026086366
0.0014447513035165116
0.0016455442873279935
0.0018396389876400576
0.002026260407617997
0.002204668802313847
0.002374162798219004
0.002534082234681989
0.002683810716177959
0.0028227778682179405
0.0029504612929258656
0.0030663882252994767
0.0031701368935017626
0.0032613375897625474
0.0033396734616246704
0.003404881034988705
0.0034567504824067896
0.0034951256515753926
0.003519903868962615
0.0035310355358220136
0.0035285235314503893
0.003512422440614671
0.0034828376192734822
0.0034399241142963888
0.0033838854492884707
0.003314972289906848
0.00323348099868781
0.003139752090341119
0.003034168595078768
0.0029171543387889187
0.002789172145412522
0.0026507219687275096
0.002502338957469874
0.0023445914593267503
0.0021780789674181733
0.0020034300135876038
0.001821300012352367
0.0007365373246326357
0.001178459719412217
0.0016155558942685389
0.00204603957907068
0.002468156708953728
0.002880193804383424
0.0032804860251403056
0.0036674248370403006
0.00403946523994847
0.004395132510332189
0.0047330284201621
0.00505183690165012
0.005350329135445975
0.005627368047470327
0.005881912207925666
0.006113019133003661
0.006319847996522299
0.0065016617650783814
0.00665782877526766
0.006787823776527091
0.006891228466010091
0.006967731545096001
0.007017128328385525
0.007039319937973687
0.007034312113937347
0.00700221367399223
0.006943234651387797
0.006857684140697984
0.006745967878003967
0.006608585579314763
0.006446128060474621
0.006259274156640515
0.006048787460507299
0.005815512892873187
0.0055603731196924855
0.005284364827112142
0.004988554864645778
0.004674076265636984
0.00434212415367341
0.003993951542781815
0.0036308650388896524
0.0010988722162164066
0.0017581955459462506
0.002410318427223501
0.003052575845593708
0.0036823508348931
0.004297086980336928
0.004894300433864629
0.005471591353121141
0.006026654684809785
0.006557290224520784
0.007061411894738967
0.007537056196504466
0.00798238980046051
0.008395716256110575
0.008775481808960706
0.009120280326172292
0.009428857342491881
0.009700113245571629
0.009933105629286842
0.010127050849376928
0.010281324821569626
0.01039546310583006
0.010469160323182791
0.010502268953310079
0.010494797560212987
0.010446908493761953
0.010358915111737588
0.0102312785659322
0.010064604191683202
0.009859637537182664
0.009617260066342226
0.009338484563130578
0.009024450264810469
0.008676417745569154
0.008295763571091186
0.007883974741019983
0.0074426429346807765
0.006973458574069724
0.00647820471624172
0.005958750787559808
0.005417046170514084
0.0014541352832537768
0.0023266164532067535
0.003189569284767657
0.004039467169945965
0.004872847082822318
0.005686326125132979
0.006476617425910547
0.007240545278797583
0.007975059411720054
0.008677248298724294
0.009344351437881926
0.009973770535172122
0.010563079549790189
0.011110033572379052
0.011612576522885831
0.012068847668807337
0.01247718697892708
0.012836139338610053
0.013144457663919695
0.013401104960081511
0.013605255377790115
0.013756294324508644
0.013853817693053827
0.013897630270115258
0.013887743388444562
0.013824371885291953
0.013707930426456016
0.013539029253152535
0.01331846940433934
0.013047237462529893
0.012726499866879237
0.01235759683238058
0.011942035909310533
0.011481485212797793
0.010977766349377305
0.010432847062432415
0.009848833617866148
0.009227962947477408
0.008572594567027636
0.007885202284278137
0.007168365712978186
0.001800049850873009
0.002880079761395038
0.003948314700298994
0.005000389138150041
0.006032016252838446
0.007039008410782088
0.008017296849210709
0.008962950414026949
0.009872193224190084
0.010741421150221697
0.011567217012729003
0.012346364426889522
0.01307586023720475
0.01375292550782703
0.01437501505149541
0.014939825498608172
0.015445301924184918
0.015889643066152814
0.016271305180108442
0.01658900458765089
0.01684171898381237
0.017028687574729418
0.017149410122971886
0.017203644977278998
0.0171914061664431
0.017112959633902136
0.016968818687679743
0.016759738735263596
0.01648671136946689
0.016150957864361715
0.015753922135630205
0.015297263213085444
0.014782847268094201
0.014212739232640104
0.013589194043063912
0.01291464753614946
0.012191707023344378
0.011423141565252592
0.01061187196701141
0.009760960514110906
0.008873600467374843
0.0021344072079045873
0.0034150515326469844
0.004681709981944948
0.005929206133783893
0.0071524568932339605
0.008346496778205648
0.009506501257405375
0.01062780896898019
0.011705942665948044
0.012736628755604329
0.013715815321102554
0.014639688537545936
0.015504687416513008
0.016307516837869684
0.017045158848599584
0.017714882230670526
0.018314250359182438
0.01884112738958521
0.019293682828710246
0.019670394556410287
0.019970050375700765
0.020191748176319635
0.020334894802314096
0.020399203716095826
0.020384691552461476
0.020291673653591857
0.020120758674046613
0.019872842337537833
0.019549100424228527
0.01915098105869717
0.018680196362389268
0.01813871352823071
0.017528745366902854
0.016852740369415642
0.01611337232403187
0.015313529521645108
0.01445630357909522
0.013544977906924771
0.012583015846740153
0.011574048500200718
0.010521862272909743
0.0024550822227871194
0.003928131556460102
0.005385093765344351
0.006820014717590084
0.00822704762999038
0.009600481002344452
0.010934765461964702
0.01222453932022205
0.013464652665021504
0.014650189835673899
0.01577649015225191
0.016839166797787186
0.0178341237782611
0.0187575709122072
0.019606036827056528
0.02037637996462749
0.021065797619652216
0.021671833056846168
0.022192380768405684
0.022625689949961725
0.0229703662831362
0.023225372124173305
0.023390025201099007
0.0234639959267966
0.023447303435435884
0.023340310446631207
0.023143717059770808
0.022858553572973506
0.022486172416584793
0.02202823928256592
0.021486723522976092
0.020863887883329824
0.02016227762877776
0.019384709113467125
0.018534257837782064
0.01761424603161288
0.016628229798705263
0.015579985851715605
0.014473497867335539
0.013312942486738422
0.012102674987943374
0.0027600480845384467
0.004416076935260804
0.0060540203471983745
0.007667184576849451
0.009248996564018341
0.010793035336181589
0.012293062187517023
0.013743049410084751
0.015137207378998596
0.016470009819091302
0.01773621710923834
0.018930897510060163
0.020049446230714807
0.02108760228036033
0.022041463078959822
0.022907496829848384
0.023682552680984514
0.024363868726034354
0.024949077915156437
0.02543621196231527
0.025823703349832527
0.026110385539872993
0.026295491510051505
0.0263786507328021
0.026359884719219906
0.026239601245581667
0.02601858737642715
0.025698001391727843
0.025279363718507142
0.024764546957964484
0.024155765091599335
0.02345556193914433
0.022666798933890675
0.02179264227250144
0.020836549488297607
0.019802255492646026
0.018693758121852255
0.017515303224982404
0.01627136932365758
0.01496665187378099
0.013606047157981749
0.0030473900336840387
0.004875824053893751
0.006684289803263965
0.008465396668560388
0.010211887283951171
0.01191667220479431
0.013572863228503707
0.015173805116869943
0.016713105501118264
0.01818466277882891
0.019582691844593825
0.02090174752763474
0.022136745643528855
0.02328298160008302
0.02433614652930771
0.02529234094778232
0.026148085976188895
0.026900332173035224
0.027546466060872632
0.028084314440409486
0.028512146603741684
0.028828674567922263
0.029033051457933112
0.029124868171713558
0.029104148460135093
0.028971342552257084
0.028727319452158895
0.028373358025785222
0.027911136988183927
0.02734272389275816
0.026670563213308185
0.025897463600514925
0.02502658438471883
0.024061421387564508
0.02300579209788367
0.021863820259529376
0.02063991991389358
0.019338778935011902
0.01796534209248435
0.016524793674687288
0.015022539704261817
0.0033153179674898503
0.005304508747984826
0.007271975637312522
0.009209678235878371
0.011109721106643988
0.012964391497547467
0.014766195591871423
0.016507893019728215
0.018182529392237967
0.019783466651265513
0.021304411062292417
0.022739438712743976
0.024083018414422952
0.025330031945401288
0.026475791600262255
0.02751605505149257
0.028447037555270782
0.02926542156218659
0.029968363816905708
0.030553500051837545
0.031018947394713337
0.03136330462285031
0.031585650403926024
0.03168553966776955
0.031662998253615626
0.03151851597517563
0.031253038240002695
0.030867956352686576
0.030365096621885357
0.029746708381296116
0.029015451024136496
0.028174380138981547
0.027226932825971772
0.026176912261000496
0.025028471568258936
0.023786097052941102
0.0224545908409155
0.021039052966191463
0.01954486294461688
0.017977660869442857
0.016343328063129547
0.0035621778249161906
0.005699484519866793
0.007813449753444779
0.00989543443447971
0.011936955228392776
0.013929725088354772
0.01586569220500955
0.01773707708757577
0.019536407520568844
0.021256551173518545
0.02289074567798366
0.02443262602466234
0.025876249171123078
0.027216115790817952
0.02844718913019406
0.029564910976656478
0.03056521477327223
0.031444535944896046
0.03219981952668505
0.03282852520713675
0.03332862991494778
0.03369862809222468
0.033937529804219935
0.034044856840992566
0.03402063696615798
0.03386539646534814
0.0335801511418623
0.03316639589753834
0.03262609302884201
0.031961659355932426
0.031175952291508935
0.03027225494462371
0.029254260343144267
0.02812605484896835
0.026892100829446264
0.02555721864175098
0.024126567979777747
0.02260562862789328
0.021000180662666068
0.019316284140657558
0.017560258309689658
0.00378646167845087
0.006058338685521747
0.00830540459196083
0.010518476366915053
0.012688536542999174
0.01480677629939997
0.01686463686396067
0.018853848929088812
0.020766469809318622
0.02259491810434966
0.0243320056697236
0.025970966738857015
0.027505484080322162
0.02892971211608497
0.030238296965958256
0.03142639342082276
0.03248967888331222
0.03342436434381568
0.03422720248949318
0.034895493064681204
0.035427085620781895
0.03582037980647712
0.036074323358647575
0.036188407958356095
0.036162663117611515
0.03599764825873919
0.03569444314283032
0.03525463679486407
0.034680315062701084
0.03397404693590289
0.03313886973730007
0.03217827328892753
0.03109618314125484
0.029896942943995697
0.028585296026527374
0.027166366248028595
0.02564563816982357
0.024028936597416006
0.02232240553564857
0.02053248659760243
0.018665896906911783
0.003986816482120847
0.006378906371393711
0.00874487231768839
0.011075045383807769
0.013359930956589494
0.015590254109717705
0.01775700319655016
0.019851471351564953
0.02186529561423356
0.02379049342604489
0.02561949629297544
0.0273451804484246
0.02896089439449412
0.0304604832436155
0.03183830982352376
0.03308927254870753
0.03420882009848114
0.03519296297413277
0.03603828203660697
0.036741934150828826
0.03730165508096306
0.03771575979601849
0.037983140354430844
0.03810326154072996
0.03807615442893564
0.03790240804266176
0.037583159277200906
0.03712008123864052
0.03651537014451023
0.03577173091863983
0.03489236159931863
0.033880936667149086
0.03274158938723204
0.03147889324671738
0.030097842560973476
0.028603832310199806
0.027002637262754092
0.025300390434640718
0.023503560931024126
0.02161893121289893
0.01965357382990618
0.004162051446439552
0.006659282314303461
0.009129240996522014
0.01156183357083318
0.013947148101218332
0.01627550199461858
0.01853748750971107
0.02072401508271504
0.022826354170680574
0.024836171352831116
0.026745565472587884
0.028547099648168484
0.030233830024609887
0.0317993311850735
0.03323771818349286
0.034543665201692164
0.035712420872446415
0.03673982034457168
0.03762229419600516
0.03835687432615131
0.03894119697828913
0.03937350305873366
0.03965263592834134
0.039778036847479825
0.039749738256325884
0.03956835506864209
0.039235074150692384
0.038751642147854426
0.03812035180963136
0.03734402695120309
0.03642600617623515
0.035370125472205416
0.03418069977607274
0.032862503596295056
0.03142075076630846
0.029861073395075266
0.028189500072748785
0.026412433383280032
0.024536626772173165
0.022569160813800337
0.020517418921636832
0.004311144031616365
0.006897830450586895
0.009456267741230207
0.011976000397402764
0.014446761418339449
0.016858521361784895
0.019201535483009735
0.021466388612603637
0.023644037462903
0.02572585009407291
0.02770364231522393
0.02956971084142701
0.03131686307585824
0.03293844343131269
0.03442835615209816
0.035781084639531
0.03699170732379997
0.03805591016130094
0.03896999586706329
0.039730890017885656
0.04033614418339937
0.04078393625630383
0.041073068164930504
0.04120296115504729
0.04117364882931085
0.04098576812923227
0.04064054843726339
0.040139798967246065
0.039485894599550875
0.03868176030394466
0.03773085427944167
0.0366371499259337
0.035405116749611665
0.0340397002908972
0.032546301152631685
0.03093075319647909
0.029199300967945874
0.027358576403614165
0.02541557486995849
0.02337763058073783
0.02125239143703439
0.004433244569325812
0.007093191310920677
0.00972408884904219
0.012315185555500818
0.014855923646379665
0.017335989624497117
0.01974536275347738
0.02207436120658457
0.02431368557139102
0.026454459433606914
0.02848826680907912
0.03040718624006722
0.03220382142062839
0.03387132826384587
0.0354034383699684
0.03679447889911103
0.03803938889289782
0.03913373212556337
0.04007370659782339
0.04085615081303118
0.04147854699668585
0.04193902143616768
0.042236342128440185
0.04236991392825473
0.04233977139036682
0.04214656949625706
0.04179157244737297
0.041276640698587386
0.040604216391994186
0.03977730733889473
0.038799469681698895
0.037674789355410354
0.036407862451859785
0.03500377457949
0.03346807929731099
0.0318067756939584
0.030026285173271106
0.02813342750178549
0.026135396169117087
0.02403973310885732
0.021854302826234573
0.00452767954017963
0.007244287264287053
0.00993122699063953
0.0125775180642691
0.015172377803734705
0.01770527301804492
0.02016596951335714
0.02254457922484221
0.02483160464806744
0.02701798028733471
0.02909511088508232
0.03105490624433216
0.032889812506672556
0.03459283979574579
0.03615758618555631
0.0375782579963726
0.03884968646401532
0.03996734086474163
0.040927338211361075
0.04172644966293504
0.04236210381304417
0.042832387036632724
0.04313604108762448
0.043272458143693626
0.04324167349623309
0.04304435607917512
0.04268179702383179
0.04215589641590611
0.04146914841927085
0.04062462491638641
0.039625957801163736
0.03847732004543403
0.03718340564502043
0.03574940853958175
0.0341810005874752
0.03248430866717733
0.030665890968174736
0.028732712528391602
0.026692120069675696
0.024551816180210295
0.0223198328911014
0.0045939535488011
0.007350325678082026
0.01007659554233431
0.012761621756562036
0.015394463807190562
0.017964434323065603
0.02046114930682741
0.02287457595667597
0.02519507774811025
0.027413456489037813
0.029520991108638484
0.03150947298966145
0.033371237704105994
0.035099193061448375
0.03668684342770945
0.038128310318448655
0.03941834931208987
0.040552363366764155
0.04152641265851997
0.042337221084789434
0.04298217960059958
0.043459346570788426
0.04376744533212218
0.043905859165843
0.04387462388031693
0.04367441820150475
0.04330655215999357
0.04277295365438505
0.0420761533572076
0.04121926811584231
0.04020598298636102
0.039040532022564634
0.0377276779287854
0.036272690671161456
0.034681325129884755
0.032959797865629525
0.031114763063355255
0.029153287711752185
0.027082826070211397
0.024911193473444726
0.022646539521312903
0.004631750050342998
0.0074108000805486185
0.010159500179693914
0.012866617297204286
0.015521120906603514
0.018112235706635005
0.02062949226592181
0.023062775238107847
0.02540236881458746
0.027638999125629837
0.02976387334831898
0.031768715329574704
0.0336457975829525
0.035387969567601374
0.03698868220741325
0.03844200865348313
0.03974266133645088
0.040886005393083735
0.041868068585245055
0.04268554785695855
0.04333581269802522
0.04381690549913486
0.04412753909389977
0.044267091690038285
0.04423559939098709
0.0440337465072993
0.04366285384813651
0.04312486517413916
0.042422331979025785
0.04155839675411954
0.040536774874198045
0.03936173522862241
0.0380380797067037
0.036571121632825054
0.03496666323514397
0.033230972220634314
0.031370757521042236
0.029393144268114568
0.027305648050518272
0.02511614850299715
0.022832862275452115
0.004640930891814499
0.00742548942690302
0.010179637871427616
0.01289212090872649
0.01555188614775016
0.01814813692857875
0.02067038306753588
0.02310848916789432
0.025452720162736142
0.027693783800033955
0.029822869828162624
0.031831685689592604
0.033712488580995625
0.035458113788353174
0.037061999254602185
0.038518206383347575
0.039821437124857084
0.04096704742941881
0.04195105718580905
0.04277015679143403
0.04342171052254784
0.04390375689003889
0.04421500617676699
0.04435483535836582
0.04432328061032109
0.04412102760001346
0.04374939975503267
0.04321034468913254
0.04250641895376717
0.04164077126931076
0.04061712437518494
0.03943975562247104
0.03811347641852514
0.03664361061959909
0.03503597195470043
0.0332968405541898
0.03143293864787111
0.029451405490378946
0.02735977156721603
0.02516593213149676
0.022878120119543155
0.0046215347382854155
0.0073944555812568424
0.010137093427360355
0.01283823999961431
0.015486889098567325
0.018072289187202273
0.020583993923892763
0.02301191027126137
0.02534634384868717
0.027578041239841866
0.029698229014432087
0.03169864927269472
0.033571591571517345
0.035309921141081446
0.036907103349946624
0.0383572244216861
0.03965500844950398
0.04079583079331783
0.04177572797678408
0.042591404229806784
0.04324023484492656
0.043720266531238394
0.0440302149623335
0.04416945971815167
0.044138036823461846
0.0439366290803207
0.043566554385662926
0.0430297522136911
0.042328768431346475
0.04146673859961325
0.04044736989926179
0.03927492180489267
0.03795418561526809
0.036490462936278334
0.03488954319911741
0.03315768028713961
0.03130156833529085
0.02932831676044856
0.02724542457528578
0.025060754035495236
0.02278250366863155
0.004573774458371371
0.0073180391333940165
0.010032333763644097
0.012705565901314664
0.015326843087842157
0.017885524895381977
0.02037127293759866
0.02277409848131562
0.02508440733033268
0.027293041695756415
0.029391318814534273
0.031371066126531844
0.03322465287079268
0.03494501801053396
0.036525694445456836
0.03796082951409652
0.03924520183289815
0.04037423455460143
0.04134400516299408
0.04215125194801672
0.04279337732710431
0.04326844819578568
0.043575193500664966
0.043712999233786576
0.04368190104802139
0.04348257468955907
0.043116324436081044
0.04258506971904552
0.04189133009590407
0.041038208723986
0.040029374473203205
0.03886904279949732
0.03756195548706032
0.03611335935337401
0.03452898400000848
0.0328150186806635
0.03097808835109994
0.029025228957218374
0.026963862014499185
0.024801768527584755
0.022547062297803677
0.004498033545278002
0.00719685367244427
0.00986620005247918
0.012495163926204533
0.015073033211941755
0.017589343685200376
0.020033928161273806
0.022396963318529473
0.024669013838877873
0.02684107358479082
0.02890460357830804
0.03085156659562216
0.032674458239970505
0.03436633440443693
0.03592083508302757
0.03733220453375452
0.0385953078385981
0.03970564394253273
0.04065935528606346
0.0414532341728453
0.04208472603638569
0.0425519297845014
0.04285359541267297
0.042989119081266125
0.04295853585309217
0.042762510284504174
0.042402325054858636
0.04187986781046149
0.04119761638552433
0.04035862254984224
0.039366494417539144
0.03822537763749523
0.036939935470742924
0.03551532784840994
0.033957189490745776
0.03227160715844235
0.030465096098973632
0.02854457574404634
0.02651734470992473
0.024391055148928587
0.02217368649902518
0.004394861649593462
0.007031778639349451
0.009639897923555019
0.012208560958098857
0.014727301365184076
0.01718589493913747
0.01957440770087082
0.02188324164720079
0.024103177878897597
0.02622541683319035
0.02824161539162695
0.03014392068120131
0.031925000434517514
0.033578069822649326
0.035096914719996875
0.03647591140499351
0.037710042740283
0.03879491091235465
0.03972674684339239
0.04050241641282426
0.04111942364890098
0.041575911065518056
0.0418706573300085
0.04200307245345769
0.041973190694864826
0.04178166136786743
0.04142973773115699
0.04091926413414981
0.040252661576893445
0.0394329118305734
0.038463540249757955
0.03734859739409657
0.036092639562999906
0.03470070833362904
0.0331783091819986
0.031531389255953
0.029766314361932444
0.02788984521972182
0.02590911303619947
0.023831594445251625
0.021665085859320143
0.004264969298232391
0.006823950877171914
0.00935498588031436
0.011847730781866517
0.014292028542806534
0.016677957138757193
0.018995876194185968
0.021236471379605604
0.02339079626488605
0.02545031136275888
0.027406920139860347
0.02925300181891899
0.03098144084156651
0.03258565290806281
0.034059607554763005
0.035397847272282235
0.03659550320761085
0.037648307527277325
0.03855260255075521
0.039305346788424345
0.03990411803865257
0.04034711371462407
0.040633148581214584
0.040761650087254964
0.040732651479537196
0.04054678288120783
0.04020526051056095
0.03970987420655803
0.03906297341555032
0.038267451781131
0.03732673046432211
0.03624474030855396
0.03502590294948327
0.033675110957958054
0.03219770709275416
0.030599462730769744
0.028886555533658154
0.027065546404575258
0.02514335578385385
0.023127239329479465
0.021024763026799675
0.004109221870701951
0.006574754993122323
0.009013362087220145
0.011415077350017455
0.013770114655266674
0.01606891430917834
0.01830218798163763
0.020460961482104523
0.022536615084634448
0.024520921145466446
0.026406078799102062
0.028184745562610303
0.02985006572252935
0.03139569542367404
0.03281582442204112
0.034105194504981284
0.03525911461968079
0.03627347278503379
0.03714474489144948
0.03787000051829281
0.03844690591777322
0.03887372433003122
0.03914931380249698
0.03927312269267702
0.03924518303353963
0.039066101937777375
0.03873705121030113
0.03825975532918591
0.037636477944385405
0.03687000702990062
0.035963638813541365
0.03492116059291206
0.03374683253515265
0.03244536854499458
0.03102191627529649
0.029482036344598228
0.027831680819721427
0.02607717101372309
0.02422517464733076
0.022282682417431587
0.02025698401584819
0.00392863289982559
0.0062858126397205005
0.008617249675226368
0.010913416172674495
0.0131649560788345
0.01536272982188791
0.017497857268061523
0.01956175861764109
0.021546192957778487
0.023443294226945355
0.02524560438625656
0.026946103634651664
0.028538237548577428
0.030015941067908614
0.03137365929308089
0.03260636509562076
0.03370957358184867
0.03467935348117379
0.035512335559211294
0.03620571817953433
0.036757270156499544
0.037165331056350226
0.037428809112480366
0.037547176925865955
0.03752046512198248
0.037349254132852394
0.03703466426597757
0.03657834421359851
0.03598245814458778
0.0352496715093622
0.0343831356756894
0.03338647149990592
0.03226375192656761
0.03101948369731211
0.029658588239739103
0.028186381798592564
0.02660855486356617
0.024931150943379166
0.02316054473063822
0.021303419700274162
0.019366745182068712
0.0037243567593550075
0.005958970814968545
0.008169180702471301
0.010345954004337798
0.012480421151490617
0.01456391779995947
0.01658802555391148
0.018544610735242273
0.020425860931693407
0.022224319091369793
0.023932914969183372
0.025544993770997948
0.027054341882042365
0.028455209605798615
0.029742330879585666
0.030910939969508888
0.03195678518197553
0.03287613965998659
0.033665809358666365
0.03432313831783773
0.03484601136652188
0.03523285440845214
0.035482632445575035
0.03559484550214975
0.03556952261148183
0.035407214025202194
0.03510898179866473
0.0346763888976831
0.03411148696146071
0.03341680284577464
0.032595324057567154
0.031650483180474254
0.03058614137919946
0.02940657105945732
0.02811643775059025
0.026720781269789384
0.025224996219712637
0.023634811866207528
0.02195627143845691
0.020195710892275898
0.01835973717479611
0.0034976807959616885
0.005596289273538169
0.0076719788961812085
0.00971626698725725
0.01172082380711359
0.013677512350643184
0.015578426591687844
0.01741592789306523
0.01918267933022122
0.02087167771069609
0.022476283106541928
0.023990245755243222
0.025407730222056557
0.02672333675507943
0.02793211980077004
0.02902960368281171
0.03001179547918653
0.030875195161240043
0.03161680308383907
0.032234124937097874
0.032725174286177605
0.03308847283943095
0.03332304859227975
0.03342843199925838
0.033404650326822605
0.03325222033677022
0.03297213944462385
0.03256587548928991
0.03203535524102463
0.031382951763351485
0.03061147073426085
0.029724135819719777
0.028724573181889923
0.02761679519456095
0.026405183428355627
0.025094470961466442
0.023689724064164253
0.022196323301173493
0.020619944091833986
0.018966536765834263
0.017242306150757614
0.0032500169583840055
0.005200027133414942
0.007128741291669627
0.009028277397840512
0.010890895524479305
0.012709034831518196
0.014475349102729851
0.0161827405775945
0.017824391844598608
0.019393795593414254
0.020884782056267426
0.022291544003934405
0.02360865919733257
0.02483111023036244
0.02595430173451163
0.026974074947325732
0.027886719677848504
0.028688983727704453
0.02937807985092178
0.029951690354902638
0.030407969460544138
0.030745543551287113
0.03096350944846904
0.031061430854414596
0.031039333105031375
0.030897696371422256
0.03063744744422081
0.03025995022771255
0.02976699506143632
0.0291607869770516
0.028443932988185594
0.027619428499374266
0.026690642911479046
0.02566130449003623
0.024535484555379128
0.023317581045684932
0.022012301498682163
0.020624645491865934
0.01915988657937895
0.01762355375969804
0.016021412508814947
0.002982892971990836
0.004772628755185693
0.00654281887419117
0.008286229130385792
0.009995755752967739
0.01166445933904825
0.013285597469355537
0.014852655759352018
0.01635937713121649
0.017799789120658716
0.019168229062753284
0.020459367033641485
0.02166822645666855
0.022790202314208585
0.023821076938418173
0.024757033382204696
0.02559466640116881
0.026330991100365964
0.026963449322057187
0.02748991386862798
0.027908690668631664
0.02821851900538519
0.02841856993403269
0.028508443017045693
0.028488161508096965
0.028358166112379735
0.028119307446246466
0.027772837312692644
0.02732039890048199
0.026764016006382008
0.026106081369448475
0.02534934419734114
0.02449689695456314
0.023552161474604816
0.022518874449605875
0.021401072344328753
0.020203075776482393
0.018929473400477903
0.017585105328628003
0.016175046122290482
0.014704587383901568
0.002697943103174172
0.004316708965078853
0.00591779632112388
0.007494662041279909
0.009040880963826936
0.010550176593227434
0.012016450600098594
0.013433810906153809
0.0147965981598297
0.016099410434531336
0.017337126008527548
0.01850492411506366
0.01959830358005732
0.02061309929424482
0.021545496495292582
0.022392042861646644
0.023149658445280608
0.023815643492454797
0.024387684221384376
0.024863856641534454
0.0252426285129026
0.025522859552673083
0.025703800003629595
0.025785087681370555
0.025766743618270027
0.025649166419931646
0.025433125445157856
0.025119752914683602
0.024710535046796878
0.024207302309008583
0.023612218866791324
0.022927771301382904
0.022156756660347554
0.02130226989618933
0.02036769074217304
0.019356670067534054
0.01827311574988144
0.017121178098491896
0.01590523485926809
0.014629875830721062
0.013299887118838782
0.002396898554782645
0.0038350376876534753
0.0052574709348895965
0.0066583852683610445
0.008032072465006479
0.009372956379330333
0.010675619151717441
0.01193482615952135
0.013145549538478463
0.014302990125123927
0.015402597694723852
0.016440089396134283
0.017411466309713575
0.018313028081617944
0.019141385612133632
0.019893471800148887
0.020566550367526304
0.021158222807205362
0.02166643351618802
0.02208947318867871
0.022425980556626257
0.022674942573555512
0.022835693142472024
0.02290791049267682
0.022891613309791836
0.022787155721886165
0.022595221240475638
0.022316815749821473
0.021953259631530386
0.021506179104132883
0.02097749684911676
0.020369421987570746
0.01968443946410048
0.018925298887200626
0.01809500286936938
0.017196794904940305
0.016234146818849382
0.015210745816432336
0.014130481161551245
0.01299743050926594
0.011815845917515944
0.002081577531409806
0.00333052405025569
0.0045658308516287605
0.00578244963306318
0.00697542310964927
0.008139908698739262
0.009271201280544261
0.01036475486666788
0.011416203027305727
0.012421377946964185
0.013376328000141768
0.014277333760873034
0.015120922382472202
0.01590388030661316
0.016623264282483063
0.017276410697672162
0.017860943241810645
0.018374778940561498
0.018816132613299175
0.019183519819883088
0.019475758372358598
0.01969196849431043
0.019831571716419916
0.019894288598223397
0.019880135367230878
0.019789419564723687
0.01962273478369525
0.019380954580611842
0.019065225635994665
0.018676960233197093
0.018217828117737866
0.0176897477925273
0.017094877298390543
0.01643560452243875
0.015714537072213375
0.014934491748132217
0.014098483643518733
0.013209714897850944
0.012271563127761453
0.011287569557355326
0.010261426870325607
0.0017538750115431156
0.0028062000184672087
0.0038470326070072502
0.0048721192283220915
0.005877283022282853
0.006858443773474221
0.0078116370885297215
0.008733032653502448
0.009618951445141022
0.010465881786689835
0.011270494156583766
0.012029654677707668
0.012740437233258461
0.013400134175096667
0.014006265608049517
0.014556587252009479
0.015049096898895442
0.01548203949686311
0.015853910906091784
0.01616346038178662
0.016409691847730556
0.01659186403069768
0.01670948952977014
0.016762332896824716
0.01675040780470738
0.01667397337855192
0.0165335297621354
0.016329812988036707
0.016063789215010615
0.01573664839084188
0.015349797393184872
0.014904852695245552
0.014403632597765892
0.013848149063058202
0.01324059918323428
0.012583356310180704
0.011878960871332112
0.011130110893777356
0.010339652256206477
0.009510568688263277
0.00864597153478286
0.0014157522627620267
0.0022652036204178216
0.0031053781382812673
0.003932842292650562
0.004744224463980373
0.005536231045759621
0.00630566192454296
0.007049425217715566
0.007764551166648204
0.008448205097064232
0.009097699372965451
0.009710504285205701
0.010284257831703059
0.010816774361309456
0.011306052068217554
0.011750279338382796
0.01214783996167057
0.012497317235929728
0.012797496998619096
0.013047369631202343
0.01324613108717898
0.013393183000555808
0.013488131934572323
0.013530787832237934
0.013521161730512432
0.013459462798845578
0.01334609476023374
0.013181651750461043
0.012966913666257796
0.01270284105001096
0.0123905695529416
0.012031404014685165
0.011626812192801594
0.011178418171208904
0.010687995473237066
0.010157459901368071
0.009588862123965924
0.00898438002590396
0.008346310839996818
0.00767706307421534
0.006979148249286027
0.001069226135605561
0.0017107618169678318
0.0023452913010668652
0.002970221469443146
0.003583005955878349
0.004181157312331152
0.004762258700033328
0.005323975020019134
0.005864063405564224
0.0063803830105158
0.006870904037182157
0.007333715959859433
0.007767034911118742
0.008169210209953093
0.008538730021946606
0.00887422615215172
0.009174477981588325
0.009438415566734193
0.009665121929167242
0.009853834569330644
0.010003946242900241
0.010115005042763414
0.0101867138315761
0.010218929071630356
0.010211659098423809
0.010165061884126914
0.010079442334660627
0.009955249162342028
0.009793071372779849
0.009593634401507956
0.009357795932483981
0.009086541426675865
0.008780979386507681
0.008442336377520121
0.008071951827165691
0.007671272617212566
0.00724184748483836
0.006785321245672549
0.006303428851111903
0.005797989291430383
0.005270899355846126
0.0007163581719371592
0.0011461730750976784
0.00157129397898359
0.001989983550853225
0.0024005357809073757
0.0028012841331950256
0.003190609378549425
0.0035669470516168644
0.0039287944806503106
0.0042747173454529275
0.0046033557258553515
0.0049134296113706455
0.005203743849772735
0.005473192520767611
0.005720762728362416
0.0059455378117760915
0.006146699982974013
0.006323532403158083
0.006475420716775204
0.006601854065824142
0.00670242560982004
0.006776832580907666
0.006824875903582495
0.0068464594106849574
0.006841588686818056
0.006810369569951291
0.006753006340339596
0.006669799625466766
0.006561144046230538
0.006427525628630804
0.006269519002199075
0.00608778440428992
0.005883064507287372
0.0056561810833279935
0.0054080315196003426
0.005139585195315988
0.004851879730541242
0.004546017115846013
0.004223159730795345
0.003884526259174237
0.0035313875083389235
0.00035924356385663714
0.0005747897021706194
0.0007879818657769988
0.00099794880664561
0.0012038349848708663
0.0014048046560439786
0.001600045799499128
0.0017887738577933021
0.0019702352621528973
0.002143710721153269
0.0023085182539688276
0.0024640159532225425
0.002609604466911719
0.002744729191558548
0.002868882174002607
0.00298160372173939
0.003082483725648899
0.003171162701015362
0.0032473325572119904
0.003310737106133388
0.0033611723229718393
0.0033984863739533466
0.0034225794254396646
0.0034334032510088264
0.0034309606512330504
0.0034153047023792737
0.003386537848143689
0.003344810848957991
0.0032903216017103887
0.003223313841534292
0.003144075737182561
0.0030529383883219907
0.0029502742347702338
0.0028364953837254347
0.0027120518621828182
0.0025774298003042873
0.002433149549936786
0.002279763743860741
0.00211785529912234
0.0019480353685317198
0.0017709412441178074
0
0
0
0
0
0
0
0
0
0
0
0
0
0
0
0
0
0
0
0
0
0
0
0
0
0
0
0
0
0
0
0
0
0
0
0
0
0
0
0
0
