0
0
0
0
0
0
0
0
0
0
0
0
0
0
0
0
0
0
0
0
0
0
0
0
0
0
0
0
0
0
0
0
0
0
0
0
0
0
0
0
0
0.000017629279948749854
0.00002820684791871031
0.00003867498202581032
0.00004899307067063319
0.00005912108647265768
0.00006901974201412031
0.00007865064272039035
0.00008797643626223817
0.00009696095772682156
0.00010556937012751177
0.0001137682997764955
0.00012152596580961017
0.00012881230335892724
0.00013559908019544764
0.00014186000597504744
0.0001475708339384596
0.00015270945453949025
0.00015725598083093928
0.0001611928250042638
0.00016450476596219232
0.0001671790078603408
0.00016920522886465506
0.00017057562043731878
0.00017128491706586146
0.00017133041564676432
0.00017071198526963371
0.00016943206713904146
0.00016749566402296523
0.00016491032042154075
0.00016168609257505295
0.00015783550887960018
0.00015337352071043142
0.00014831744407217684
0.00014268689209018248
0.00013650369870532586
0.00012979183370731562
0.0001225773100017591
0.00011488808245729842
0.00010675393987469306
0.0000982063896941554
0.00008927853608398095
0.00003514985156449768
0.00005623976250390683
0.00007711148053601846
0.00009768403288035188
0.00011787761158643661
0.00013761388407829145
0.00015681629797370533
0.00017541037894375222
0.00019332402012395278
0.00021048776245891077
0.00022683506431775413
0.00024230255985457916
0.0002568303048420262
0.00027036200887664563
0.0002828452533805148
0.0002942316943261858
0.0003044772489886327
0.00031354226607049895
0.0003213916784332582
0.0003279951377805901
0.00033332713126554836
0.0003373670788064942
0.0003400994117157552
0.0003415136311986089
0.00034160434779550997
0.00034037130051700615
0.0003378193566589971
0.00033395849096251595
0.00032880374587307415
0.000322375171961653
0.00031469774859971267
0.0003058012864372017
0.0002957203107101236
0.0002844939267063751
0.00027216566766696815
0.0002587833254139582
0.00024439876526116677
0.00022906772463926472
0.00021284959748157917
0.0001958072043386494
0.00017800654939748028
0.00005245367719375338
0.00008392588350858432
0.00011507248331454889
0.00014577264196447004
0.0001759072630491687
0.00020535945187560856
0.00023401497031372287
0.00026176268129773916
0.0002884949806158943
0.00031410821532773525
0.00033850308630434256
0.00036158503352368143
0.00038326460289539455
0.0004034577930553951
0.0004220863803183761
0.00043907822154665155
0.00045436753270422514
0.0004678951426129174
0.0004796087209797406
0.0004894629795586525
0.0004974198456650925
0.0005034486081854084
0.0005075260338429644
0.0005096364555896571
0.0005097718308135768
0.00050793177006625
0.0005041235366078922
0.0004983620157688051
0.0004906696551785217
0.00048107637589822616
0.00046961945447066
0.0004563433769462222
0.00044129966487815864
0.0004245466746013449
0.000406149370149933
0.00038617907073046354
0.0003647131742425813
0.0003418348569894647
0.000317632751766439
0.00029220060483226007
0.0002656369134825809
0.00006943405634629585
0.00011109449015300754
0.0001523239116529851
0.00019296236943588951
0.00023285221300994863
0.00027183870636449114
0.00030977063011761174
0.0003465008696181826
0.00038188698695407197
0.000415791774567964
0.00044808378796545867
0.00047863785601265363
0.0005073355664961809
0.0005340657249064407
0.000558724785022946
0.0005812172493264711
0.0006014560380620537
0.0006193628251409677
0.0006348683398371691
0.0006479126329921314
0.0006584453071880603
0.000666425709269447
0.0006718230849571682
0.000674616695484076
0.0006747958945467758
0.0006723601667530943
0.0006673191265278433
0.0006596924779103119
0.000649509935371384
0.0006368111060908177
0.0006216453337728467
0.0006040715054638213
0.0005841578214855758
0.0005619815293087527
0.0005376286231850713
0.0005111935100288179
0.0004827786429402181
0.0004524941241825786
0.0004204572789383576
0.0003867922011444591
0.000351629273769305
0.00008598628398459596
0.000137578054374643
0.000188636064404335
0.00023896223222763524
0.00028836132537435333
0.0003366417207040229
0.00038361614996063054
0.00042910242817484345
0.0004729241620005098
0.0005149114352036577
0.0005549014686394571
0.0005927392518572105
0.0006282781446422803
0.0006613804450559257
0.000691917922708285
0.0007197723147598367
0.0007448357825552421
0.0007670113281008639
0.0007862131673306294
0.0008023670600607602
0.0008154105946189816
0.0008252934266721468
0.0008319774705825012
0.000835437043605225
0.0008356589615345911
0.0008326425860971653
0.0008263998236657244
0.0008169550755567911
0.0008043451397625745
0.0007886190652399705
0.0007698379587495197
0.000748074745327898
0.0007234138832394876
0.0006959510349062725
0.0006657926946083137
0.000633055774613922
0.0005978671515975975
0.0005603631749586668
0.0005206891386357881
0.0004789987191138323
0.00043545338101225184
0.00010200829642492693
0.00016321327427881727
0.00022378503504860703
0.000283488587818681
0.00034209232209292395
0.00039936890913594425
0.00045509618659522744
0.0005090580225513008
0.0005610451559263652
0.0006108560096329541
0.0006582974734570257
0.0007031856536414693
0.0007453465860791653
0.000784616910582514
0.0008208445032664713
0.0008538890650768849
0.0008836226636859124
0.0009099302271557974
0.0009327099870937161
0.0009518738700080576
0.0009673478349228049
0.0009790721567028982
0.0009870016531721149
0.0009911058559595176
0.0009913691243568223
0.0009877907010675813
0.0009803847110809727
0.0009691801023521407
0.0009542205296497741
0.0009355641812440751
0.0009132835501119985
0.0008874651494750196
0.0008582091750000131
0.0008256291140931182
0.0007898513042654542
0.0007510144422795406
0.0007092690461476536
0.0006647768714636015
0.000617710285158779
0.0005682515985228065
0.0005165923622953983
0.00011740130093862433
0.00018784208150179893
0.0002575540928049236
0.0003262668839472127
0.00039371389448206173
0.0004596334918893774
0.000523769989598577
0.0005858746415157157
0.0006457066091662966
0.0007030338975368977
0.0007576342561854688
0.0008092960418970563
0.0008578190394317176
0.0009030152376503509
0.0009447095572241437
0.0009827405280553592
0.0010169609128851675
0.0010472382754755927
0.0010734554906015603
0.0010955111944959128
0.001113320173573129
0.0011268136900248749
0.0011359397438148733
0.0011406632689130447
0.0011409662643693252
0.0011368478586923914
0.001128324308233175
0.001115428929288953
0.0010982119639812993
0.0010767403812934617
0.0010510976132742655
0.0010213832279930557
0.000987712540556629
0.0009502161635985829
0.0009090394988895412
0.0008643421725125222
0.0008162974155183633
0.0007650913923669123
0.0007109224800601055
0.0006540005005923888
0.0005945459096317052
0.00013207038511886537
0.00021131261619000696
0.00028973501957985093
0.00036703335201515586
0.00044290774680177947
0.0005170638808991157
0.000589214120171988
0.0006590786381295288
0.0007263865039242035
0.000790876735237589
0.0008522993118127431
0.0009104161459347893
0.0009650020059304154
0.0010158453888742258
0.001062749339688196
0.0011055322128008527
0.001144028373978756
0.0011780888392642908
0.001207581848895245
0.0012323933738898063
0.0012524275532292961
0.0012676070606438827
0.001277873398638718
0.0012831871198777378
0.0012835279740563976
0.0012788949808673067
0.0012693064279325483
0.0012547997942746747
0.0012354315997136212
0.0012112771808894252
0.001182430394486289
0.0011490032494805291
0.0011111254694569084
0.0010689439867270778
0.0010226223708222903
0.0009723401928773967
0.000918292328755399
0.0008606882038826313
0.0007997509821286997
0.0007357167023656075
0.00066883336578627
0.00014592510229416433
0.00023348016367030766
0.0003201293941224037
0.00040553663404807594
0.0004893705595065967
0.0005713059717820101
0.0006510250627513869
0.0007282186509911526
0.0008025873839514475
0.000873842901157218
0.0009417089542722579
0.0010059224791838517
0.0010662346164913572
0.0011224116757908575
0.001174236040615284
0.001221507010047418
0.0012640415741245192
0.0013016751198762222
0.0013342620654022141
0.0013616764196520137
0.0013838122653631046
0.001400584164471752
0.0014119274828061634
0.0014177986348329341
0.0014181752459982988
0.0014130562331686747
0.0014024618022432378
0.001386433364064743
0.001365033367619617
0.0013383450526482932
0.0013064721217759256
0.0012695383341778665
0.001227687021916779
0.001181080531182488
0.0011298995905733022
0.0010743426089163677
0.0010146249054159284
0.0009509778750320663
0.0008836480924330203
0.0008128963579352444
0.0007389966890336552
0.00015888002931951917
0.00025420804691123067
0.0003485498157900224
0.00044153933280632884
0.0005328158597706079
0.0006220253275106558
0.0007088217135482466
0.0007928683879860898
0.0008738394223293255
0.0009514208561540727
0.0010253119162513258
0.0010952261843364397
0.0011608927077269016
0.0012220570495244942
0.001278482273640691
0.0013299498613896787
0.0013762605555740492
0.001417235129220984
0.001452715076013078
0.0014825632195751837
0.0015066642396632801
0.0015249251130384778
0.001537275467622834
0.001543667848306285
0.0015440778942448219
0.0015385044260511904
0.0015269694436206294
0.0015095180340480852
0.001486218190429156
0.0014571605423654432
0.0014224579989914332
0.0013822453065301943
0.001336678521848711
0.0012859344038353981
0.0012302097257759215
0.0011697205108553987
0.001104701193863633
0.0010354037125424043
0.000962096531893053
0.0008850636055655059
0.0008046032777890844
0.000170855293348815
0.000273368469358104
0.000374821060136199
0.0004748194757731028
0.0005729757881596242
0.0006689092408738162
0.0007622477306750142
0.0008526292548935999
0.0009397033188172088
0.0010231322978135893
0.001102592748601694
0.0011777766646261512
0.0012483926707211879
0.0013141671522731713
0.001374845314671802
0.0014301921687973618
0.0014799934388030067
0.0015240563888809788
0.0015622105655879182
0.0015943084531855334
0.0016202260393853862
0.0016398632895544552
0.0016531445273528789
0.0016600187209476758
0.0016604596732641141
0.001654466116065123
0.0016420617074430766
0.001623294932834085
0.0015982389101694139
0.0015669911000379955
0.0015296729219720362
0.001486429278386936
0.0014374279885309704
0.001382859134242409
0.0013229343201857091
0.0012578858518317304
0.0011879658340241406
0.0011134451938126233
0.001034612631247711
0.0009517735023720775
0.0008652486385223312
0.0001817770643097738
0.0002908433028947499
0.00039878115929070646
0.0005051718837130181
0.0006096027500888113
0.0007116686624897284
0.0008109737313066745
0.0009071328131682321
0.000999773008310001
0.0010885351097584817
0.0011730749984053546
0.001253064978641305
0.0013281950493890804
0.0013981741055246744
0.0014627310648940295
0.0015216159168680576
0.0015746006882935148
0.001621480322800295
0.0016620734709498208
0.0016962231871602285
0.0017237975317527798
0.0017446900754443107
0.0017588203044454076
0.0017661339246792807
0.0017666030644747366
0.0017602263745182256
0.0017470290252603604
0.001727062601435847
0.0017004048950575168
0.001667159596795642
0.0016274558877356071
0.0015814479331339726
0.0015293142799066572
0.0014712571606665392
0.0014075017067511908
0.0013382950735625343
0.00126390548151889
0.001184621176385292
0.0011007493131849344
0.0010126147674984765
0.0009205588795424546
0.0001915780100598674
0.0003065248160956102
0.0004202824005155037
0.0005324094356318199
0.0006424709422674368
0.0007500399827566895
0.0008546993221880683
0.0009560430512216556
0.0010536781643502025
0.0011472260870739603
0.0012363241462658436
0.0013206269778471835
0.0013998078663028934
0.0014735600108366498
0.001541597713263343
0.0016036574830629036
0.0016594990553180367
0.0017089063176278785
0.0017516881425585495
0.0017876791224757937
0.0018167402039210856
0.0018387592191437818
0.0018536513132509924
0.0018613592648328847
0.0018618536994310375
0.001855133194982983
0.0018412242790084576
0.001820181317643943
0.0017920862971791962
0.001757048499015923
0.0017152040693986237
0.0016667154857614719
0.001611770921755351
0.0015505835139038027
0.001483390532030171
0.0014104524574598543
0.0013320519724260294
0.0012484928641072202
0.0011600988485120922
0.001067212317725108
0.0009701930161138961
0.00020019771140011855
0.0003203163382403673
0.0004391922366133727
0.0005563642221098064
0.0006713777444655733
0.0007837866567204088
0.0008931549512531944
0.0009990584555925608
0.0011010864816256571
0.0011988434216405608
0.0012919502846564512
0.00138004616758991
0.0014627896549690433
0.0015398601420137936
0.0016109590761388404
0.0016758111115144914
0.0017341651729338992
0.0017857954244249186
0.0018305021391356036
0.0018681124672426108
0.0018984810987490164
0.0019214908191926838
0.001937052955796048
0.0019451077125260952
0.0019456243933007045
0.001938601512058824
0.0019240667898969832
0.0019020770390518749
0.001872717934681134
0.0018361036750320636
0.0017923765320198015
0.001741706293437062
0.0016842895995203833
0.0016203491764201772
0.0015501329694984634
0.0014739131799856864
0.0013919852088406515
0.0013046665116434042
0.0012122953693758376
0.0011152295794403244
0.0010138450722170234
0.00020758303441992254
0.0003321328550711655
0.00045539410282025017
0.0005768885800971901
0.0006961449682076903
0.0008127006617684174
0.0009261035687639918
0.00103591386894486
0.001141705723870956
0.0012430689317746157
0.001339610520673773
0.0014309562737047088
0.0015167521804748674
0.0015966658091173258
0.001670387593389222
0.0017376320298900794
0.0017981387812184835
0.0018516736802709488
0.0018980296322617107
0.001937027410896519
0.001968516345687732
0.001992374898119209
0.0020085111242202913
0.002016863022110016
0.0020173987633000934
0.002010116806957285
0.0019950458967414875
0.0019722449407773013
0.001941802774705792
0.0019038378096283282
0.0018584975658910707
0.0018059580947458187
0.0017464232905410881
0.001680124095834401
0.001607317602712044
0.0015282860539755916
0.0014433357479184394
0.00135279585113679
0.001257017123833748
0.001156370562632958
0.0010512459660318996
0.00021368845783609203
0.0003419015325381025
0.0004687881348948153
0.0005938560025935402
0.0007166199545416418
0.0008366037792306713
0.0009533420877207988
0.0010663821237972826
0.001175285524293912
0.0012796300225836887
0.0013790110885842921
0.0014730434990113395
0.0015613628313886352
0.001643626876326465
0.001719516962573664
0.0017887391895925475
0.0018510255629138328
0.001906135028136191
0.0019538543994563895
0.0019939991790849376
0.002026414265085208
0.0020509745442538474
0.0020675853683584933
0.0020761829119102515
0.0020767344103127527
0.002069238277361052
0.002053724102200505
0.0020302525254649595
0.0019989149957027053
0.001959833406679934
0.0019131596176116261
0.0018590748577622662
0.0017977890184042167
0.001729539834613547
0.0016545919600012837
0.0015732359386930739
0.0014857870778328675
0.0013925842254387533
0.001293988458268558
0.0011903816846601245
0.0010821651678725175
0.00021847635338767546
0.00034956216542081364
0.0004792917842202371
0.0006071619178564802
0.0007326765142838809
0.0008553486920490627
0.0009747026346929033
0.0010902754415766935
0.0012016189275652067
0.001308301364751685
0.0014099091592072455
0.0015060484562852139
0.0015963466682862304
0.0016804539183041811
0.0017580443949682945
0.0018288176126084466
0.0018924995720759341
0.0019488438179315892
0.001997632387674031
0.002038676649714688
0.0020718180269092557
0.0020969286027856526
0.002113911608365271
0.0021227017881670918
0.002123265643415806
0.0021156015524006477
0.0020997397671926876
0.0020757422872108577
0.002043702609917375
0.0020037453603158895
0.001956025800055272
0.0019007292191375313
0.0018380702115727843
0.0017682918391024316
0.0016916646852287442
0.001608485803966886
0.0015190775672309087
0.001423786415227113
0.0013229815150079816
0.0012170533319313392
0.001106412119938227
0.0002219172174626749
0.0003550675479404575
0.0004868403259967735
0.0006167243331853811
0.0007442157049446507
0.0008688198917425893
0.0009900535833349267
0.0011074465886533602
0.0012205436639725065
0.0013289062819055175
0.0014321143347117982
0.0015297677647829744
0.0016214881163953976
0.0017069200022810094
0.0017857324797567742
0.001857620330714127
0.0019223052406758256
0.0019795368726818197
0.0020290938314495577
0.0020707845146219483
0.0021044478474969708
0.0021299538990326994
0.0021472043762074122
0.002156132995754234
0.0021567057313482962
0.002148920935777454
0.0021328093374926027
0.0021084339124151086
0.002075889630528849
0.002035303079551909
0.001986831966480196
0.0019306644994223632
0.0018670186522342647
0.0017961413146387883
0.0017183073316680009
0.0016338184357707064
0.001543002075951705
0.0014462101487247025
0.0013438176352451592
0.00123622115041222
0.0011238374094659775
0.00022398985262617188
0.00035838376420205265
0.000491387257457454
0.0006224843393383139
0.0007511664393451412
0.0008769343890389081
0.0009993003641479703
0.0011177897822456373
0.0012319431477187948
0.001341317837528777
0.001445489820232737
0.001544055301810232
0.0016366322918734966
0.0017228620840050723
0.0018024106445864163
0.0018749699048576929
0.0019402589509986967
0.0019980251079694256
0.0020480449127298073
0.0020901249734173177
0.0021241027109724087
0.002149846980781689
0.0021672585718199855
0.00217627058180625
0.0021768486665934006
0.0021689911635256465
0.002152729088134464
0.0021281260044325734
0.0020952777694489555
0.0020543121531915176
0.0020053883355792834
0.0019486962825361331
0.0018844560036832547
0.0018129166946216912
0.0017343557673825671
0.001649077772459151
0.001557413217163628
0.0014597172845860484
0.0013563684580741864
0.001247767056833382
0.0011343336880305088
0.00022468149791032843
0.0003594903966561702
0.0004929045836936652
0.0006244064726530496
0.0007534859226634438
0.0008796422239054635
0.0010023860458279188
0.0011212413405257138
0.0012357471935757758
0.0013454596151500908
0.0014499532644638435
0.0015488231006770548
0.0016416859538743722
0.001728182009973267
0.0018079762039597824
0.0018807595157319668
0.001946250164149177
0.0020041946938818
0.002054368951906582
0.0020965789491889097
0.002130661604638817
0.0021564853686477647
0.0021739507239466604
0.002182990561596654
0.0021835704314057125
0.0021756886656163488
0.0021593763754950146
0.0021346973213560716
0.0021017476562263937
0.0020606555446107677
0.002011580657967471
0.0019547135488444667
0.0018902749061346924
0.001818514694996054
0.0017397111840224966
0.0016541698641141522
0.0015622222631748173
0.0014642246609835041
0.0013605567096224291
0.001251619964397932
0.0011378363312708473
0.0002239879070433659
0.0003583806512690302
0.000491382989255662
0.00062247893242251
0.0007511599146994286
0.0008769267719568319
0.0009992916842094246
0.001117780073096597
0.0012319324470446702
0.001341306186814606
0.00144547726467259
0.001544041890088721
0.0016366180760520876
0.001722847119172144
0.0018023949887968627
0.0018749536188273908
0.0019402420978664736
0.0019980077530519225
0.0020480271233722647
0.002090106818531723
0.002124084260955783
0.0021498283071430535
0.0021672397469352234
0.0021762516786587582
0.0021768297584010554
0.002168972323580931
0.0021527103894563027
0.002128107519446587
0.002095259569802721
0.0020542943093673216
0.002005370916727145
0.0019486793561043214
0.001884439635233548
0.0018129009475629232
0.0017343407027077262
0.0016490634485073485
0.001557399689435357
0.001459704605444756
0.0013563566766237045
0.0012477562186905544
0.0011343238351724239
0.00022191337420718327
0.0003550613987313156
0.00048683189468956556
0.0006167136524819483
0.0007442028163051617
0.0008688048451581665
0.0009900364371606685
0.0011074274094191594
0.0012205225260757402
0.0013288832673445938
0.0014320895327450955
0.001529741271621532
0.0016214600347659314
0.001706890441106168
0.0017857015537146026
0.0018575881596589738
0.0019222719493647844
0.0019795025902098473
0.0020290586907449892
0.0020707486518958262
0.002104411401781192
0.002129917011558291
0.0021471671899604416
0.0021560956549144805
0.002156668380603577
0.0021488837198262445
0.0021327724005928417
0.0021083973976310233
0.002075853679375683
0.0020352678312782757
0.001986797557663067
0.0019306310633666612
0.0018669863184079816
0.001796110208278634
0.0017182775732820232
0.00163379014057341
0.001542975353569176
0.0014461851026137396
0.001343794362396622
0.0012361997409975345
0.0011238179463628484
0.00021847070709180016
0.00034955313134688026
0.00047927939741398973
0.000607146226381694
0.0007326575790145284
0.000855326586441052
0.0009746774445087425
0.0010902472645248906
0.001201587872964538
0.0013082675530444732
0.001409872721541916
0.0015060095340153623
0.0015963054123346865
0.001680410488685169
0.0017579989601124169
0.0018287703486770113
0.0018924506623569926
0.0019487934520405759
0.0019975807608823004
0.0020386239621892344
0.0020717644829062465
0.0020968744097977776
0.0021138569764538317
0.002122646929084482
0.0021232107697741753
0.00211554687682991
0.002099685501537607
0.002075688641738793
0.002043649792497604
0.002003693575517218
0.001955975248570496
0.0019006800966820947
0.0018380227085081913
0.0017682461393846438
0.0016916209658646153
0.001608444234250328
0.001519038308186893
0.0014237496189011267
0.001322947323881607
0.0012170218784106623
0.0011063835258280363
0.00021368114752773337
0.00034188983604455103
0.00046877209759266236
0.000593835686704125
0.0007165954388792528
0.000836575158908559
0.0009533094737737002
0.00106634564274799
0.0011752453176345767
0.0012795862462855467
0.0013789639124492936
0.0014729931060202262
0.0015613094169708575
0.0016435706476158884
0.001719458137674934
0.0017886779965934352
0.001850962239082321
0.0019060698190358494
0.00195378755784148
0.0019939309640903957
0.0020263449411963563
0.0020509043801375526
0.0020675146359891983
0.002076111885422449
0.00207666336494583
0.0020691674884361078
0.0020536538439976937
0.0020301830702500467
0.001998846612533356
0.0019597663605139815
0.001913094168145335
0.001859011258538601
0.0017977275157967654
0.0017294806667855767
0.001654535356170328
0.0015731821180509087
0.0014857362488420733
0.0013925365849232207
0.0012939441907473537
0.00119034096153392
0.0010821281468498256
0.0002075742401039804
0.0003321187841667239
0.00045537480991963974
0.0005768641400436536
0.0006961154758275967
0.0008126662314715816
0.0009260643341271191
0.0010358699821715334
0.0011416573551947806
0.001243016268794861
0.0013395537676839098
0.001430895650827324
0.0015166879228303287
0.0015965981659213924
0.0016703168269458502
0.0017375584146073209
0.0017980626025426716
0.001851595233571146
0.001897949221664419
0.0019369453481346
0.0019684329488924845
0.0019922904905484984
0.002008426033029309
0.002016777577086515
0.002017313295571199
0.002010031647731836
0.00199496137599553
0.0019721613860070875
0.0019417205096203816
0.0019037571529594288
0.0018584188300607707
0.0018058815847687981
0.0017463493027705113
0.001680052916846364
0.0016072495082042337
0.0015282213076517337
0.0014432746005432762
0.0013527385395217806
0.0012569638699222452
0.0011563215726280163
0.0010512014296626404
0.00020018764962292934
0.0003203002393963317
0.00043917016316985524
0.0005563362596952004
0.0006713440015619909
0.0007837472642560073
0.0008931100620053201
0.0009990082437223435
0.0011010311419212826
0.0011987831687338968
0.0012918853522734253
0.0013799768075770658
0.0014627161363414132
0.001539782749880203
0.001610878110632541
0.0016757268865816854
0.0017340780151755553
0.0017857056717538455
0.0018304101395330008
0.0018680185773654046
0.0018983856825833811
0.0019213942465761136
0.001936955601017587
0.001945009952933674
0.0019455266077272881
0.0019385040794652753
0.0019239700877839994
0.0019019814421490366
0.0018726238133091044
0.0018360113938769018
0.0017922864485591106
0.0017416187566148267
0.0016842049484040444
0.00162026773892876
0.0015500550609957031
0.001473839102249741
0.001391915248735387
0.0013046009401058711
0.0012122344403469043
0.0011151735288503772
0.001013794117136868
0.00019156692857613677
0.0003065070857219965
0.00042025809004453407
0.0005323786393711671
0.000642433779704632
0.0007499965980617418
0.0008546498836530247
0.0009559877506486458
0.0010536172162503021
0.0011471597278536194
0.001236252633333379
0.001320550588577163
0.001399726896949005
0.0014734747754161504
0.0015415085423313712
0.0016035647223873184
0.0016594030645826763
0.0017088074689937116
0.0017515868193171968
0.0017875757174010687
0.0018166351178443563
0.0018386528594085405
0.0018535440921212398
0.0018612515978588817
0.001861746003850584
0.0018550258881226966
0.0018411177766495257
0.0018200760324944554
0.0017919826371333158
0.0017569468656830622
0.001715104856483407
0.0016666190775538325
0.00161167769174142
0.001550493823156529
0.001483304727926793
0.0014103708723567365
0.0013319749222233668
0.0012484206472418435
0.001160031744651846
0.0010671505867243525
0.0009701368970223001
0.00018176523598256722
0.00029082437757210755
0.0003987552104005587
0.0005051390119206189
0.0006095630829285881
0.0007116223538510269
0.0008109209608360146
0.0009070737855694233
0.0009997079525572161
0.0010884642782169607
0.0011729986658046698
0.0012529834410557328
0.001328108623059876
0.0013980831256041881
0.0014626358842058096
0.0015215169045355026
0.001574498228183785
0.001621374812248888
0.0016619653189593464
0.0016961128130112968
0.0017236853633413318
0.0017445765475692099
0.001758705857074716
0.0017660190014048283
0.001766488110654052
0.0017601118356367351
0.0017469153451123987
0.0017269502205152776
0.0017002942487813755
0.0016670511137952815
0.001627349988265081
0.001581345027432235
0.0015292147665668665
0.0014711614251332605
0.0014074101198495725
0.0013382079899777466
0.0012638232384745152
0.0011845440924318495
0.0011006776868036638
0.001012548876085262
0.0009204989782585216
0.00017084300942915576
0.0002733488150870045
0.00037479411176644106
0.0004747853378574973
0.0005729345931406726
0.0006688611485543561
0.0007621929276417916
0.0008525679537303432
0.0009396357573105973
0.0010230587380526401
0.0011025134758995137
0.0011776919864452395
0.0012483029154886083
0.0013140726680802572
0.0013747464679170207
0.0014300893427900974
0.0014798870322394464
0.0015239468143484203
0.001562098247909205
0.001594193827791912
0.0016201095506005458
0.0016397453889034352
0.00165302567182124
0.0016598993711589571
0.0016603402917745314
0.0016543471654948405
0.001641943648696298
0.001623178223354671
0.0015981240021289977
0.0015668784386235757
0.001529562943588303
0.00148632240905755
0.001437324642250104
0.0013827597112907597
0.001322839205624149
0.0012577954140233771
0.0011878804232345885
0.0011133651407870815
0.001034538246040384
0.0009517050730263321
0.0008651864300244227
0.00015886759227967673
0.0002541881476476604
0.0003485225315049689
0.0004415047693591134
0.0005327741512477502
0.0006219766357205003
0.0007087662273939088
0.0007928063227016224
0.0008737710186998981
0.0009513463794483812
0.001025231655408021
0.001095140450644294
0.0011608018336985992
0.0012219613875679158
0.0012783821947550678
0.0013298457536699004
0.0013761528226723385
0.0014171241888405461
0.0014526013582667474
0.0014824471653192006
0.0015065462987848832
0.001524805742739943
0.0015371551305314313
0.0015435470108151605
0.0015439570246371659
0.0015383839927523013
0.0015268499132616853
0.0015093998697714994
0.0014861018500766932
0.0014570464765988334
0.0014223466497220727
0.0013821371051001563
0.0013365738873467592
0.001285833741544451
0.0012301134255885415
0.0011696289457283626
0.0011046147184217148
0.0010353226616466316
0.0009620212194612066
0.0008849943232434043
0.0008045402938581248
0.00014591281837539327
0.00023346050940009633
0.00032010244575531033
0.00040550249612891776
0.0004893293644769869
0.0005712578794678791
0.0006509702597039535
0.0007281573498296723
0.0008025198224714813
0.0008737693414246905
0.0009416296815629721
0.0010058378010207036
0.001066144861265883
0.0011223171916121544
0.0011741371938889245
0.0012214041840614698
0.001263935167571617
0.0013015655453543218
0.0013341497477377118
0.0013615617942051017
0.0013836957765605007
0.0014004662637887577
0.0014118086272851826
0.0014176792850655318
0.0014180558645229269
0.0014129372825735231
0.00140234374351067
0.001386316654595987
0.0013649184596040698
0.001338232391212557
0.0013063621433886397
0.0012694314648769023
0.0012275836756394654
0.0011809811082272859
0.001129804476001084
0.0010742521711151198
0.001014539494619271
0.0009508978220331699
0.000883573707229246
0.0008128279285752882
0.0007389344805233122
0.00013205855679299106
0.00021129369086914096
0.0002897090706852623
0.00036700048022275666
0.000442868079645109
0.0005170175722728487
0.0005891613496924464
0.0006590196105200619
0.0007263214481909586
0.0007908059037085025
0.0008522229792049529
0.0009103346083527697
0.0009649155795692366
0.0010157544089501869
0.0010626541590212923
0.001105433200475403
0.0011439259139045532
0.0011779833286880148
0.0012074736969154287
0.0012322829997550855
0.0012523153848356117
0.001267493532743913
0.0012777589512715792
0.0012830721965535474
0.0012834130202143967
0.0012787804419822635
0.0012691927477952447
0.0012546874133469998
0.0012353209534197163
0.0012111686978890646
0.0011823244950299738
0.0011489003438001077
0.0011110259561277758
0.0010688482512222208
0.0010225307839242248
0.00097225310926774
0.0009182100857287878
0.0008606111199256361
0.0007996793557651927
0.0007356508109630511
0.000668773464512995
0.00011739021945800232
0.00018782435113351426
0.00025752978233484214
0.0003262360876910009
0.0003936767319157042
0.0004595901071962061
0.0005237205510582044
0.0005858193409444823
0.0006456456610486327
0.0007029675383094514
0.000757562743267215
0.0008092196526128248
0.0008577380701062509
0.0009029300022298514
0.0009446203863099356
0.0009826477674081957
0.001016864922164018
0.001047139426852084
0.001073354167342444
0.001095407789417635
0.0011132150874750835
0.0011267073302825281
0.0011358325226709098
0.0011405556019212781
0.0011408585687782136
0.0011367405518249996
0.0011282178059168757
0.0011153236441501235
0.0010981083039638406
0.001076638747960601
0.0010509984003377326
0.0010212868197854164
0.000987619310539145
0.0009501264728513092
0.0009089536947861632
0.0008642605874058518
0.0008162203653228062
0.000765019175503312
0.0007108553761767666
0.0006539387695845278
0.0005944897905330038
0.0001019982346486259
0.00016319717543833434
0.00022376296159265507
0.0002834606254094041
0.0003420585791928943
0.00039932951665377914
0.00045505129734380034
0.0005090078106846363
0.000560989816204227
0.0006107957567316191
0.0006582325410811052
0.0007031162936357305
0.0007452730674479824
0.0007845395184453707
0.0008207635377566191
0.0008538048401547371
0.0008835355059382266
0.0009098404745060407
0.0009326179875088769
0.0009517799801486149
0.0009672524187713805
0.0009789755840934333
0.000986904298404312
0.0009910080963884127
0.0009912713387798533
0.0009876932684598216
0.0009802880089893051
0.0009690845054528552
0.0009541264082884027
0.0009354719000960188
0.0009131934666548602
0.0008873776126563371
0.0008581245239085433
0.0008255476765803849
0.0007897733957413777
0.0007509403645400425
0.0007091990860601527
0.000664711299918963
0.0006176493561369512
0.0005681955479452938
0.0005165414072223484
0.0000859774896690979
0.00013756398347197774
0.00018861677150638911
0.00023893779217232236
0.0002883318330013651
0.00033660729042495063
0.0003835769153361923
0.00042905854140684596
0.00047287579333854524
0.0005148587722523246
0.0005548447156442649
0.0005926786289869312
0.000628213887004847
0.000661312801863545
0.0006918471563004402
0.0007196986994699728
0.0007447596038865356
0.0007669328813939558
0.0007861327567297849
0.0008022849972881829
0.0008153271978663668
0.0008252090191298578
0.0008318923794199407
0.0008353515985994875
0.0008355734938270132
0.0008325574268965852
0.0008263153029375303
0.00081687152079013
0.0008042628746949276
0.0007885384085568603
0.000769759222926325
0.0007479982353402193
0.0007233398954618053
0.0006958798559395518
0.0006657246001040562
0.0006329910282900642
0.0005978060042295397
0.0005603058633205649
0.0005206358847189563
0.00047894972909290345
0.0004354088446305582
0.00006942674603482857
0.00011108279365679152
0.00015230787435349669
0.00019294205354114524
0.0002328276973386778
0.0002718100860654715
0.00030973801617406593
0.0003464643885706664
0.00038184678033559294
0.0004157479982822565
0.00044803661180736754
0.00047858746300022403
0.0005072821520784032
0.0005340094962456021
0.0005586659601348742
0.0005811560563380169
0.0006013927142518583
0.0006192976160193098
0.0006348014981796268
0.0006478444180046949
0.0006583759832992087
0.0006663555451353886
0.0006717523525985314
0.0006745456689962737
0.000674724849204722
0.0006722893778459138
0.0006672488683427957
0.0006596230227025046
0.0006494415522411146
0.0006367440599071017
0.0006215798842816866
0.0006040079062472614
0.0005840963188639137
0.0005619223615127567
0.000537572019361221
0.0005111396894008635
0.000482727813924555
0.0004524464836705988
0.0004204130114082716
0.0003867514780147019
0.00035159225274128403
0.00005244803089432537
0.0000839168494319864
0.00011506009651185423
0.00014575695049856563
0.000175888327788698
0.00020533734626582145
0.000233989780149102
0.00026173450424593625
0.0002884639260081201
0.0003140744036294052
0.00033846664864611853
0.00036154611122540814
0.0003832233469651669
0.0004034143634328302
0.0004220409454411822
0.0004390309576258744
0.0004543186229852836
0.00046784477672190405
0.00047955709418445736
0.000489410291994119
0.0004973663016620833
0.0005033944151655589
0.0005074714019279725
0.000509581596546127
0.0005097169571435245
0.0005078770945061706
0.0005040692709741279
0.0004983083702931879
0.0004906168377551978
0.0004810245911173183
0.00046956890298233134
0.0004562942545369708
0.00044125216181356564
0.00042450097489421523
0.0004061056507715932
0.0003861375010600909
0.0003646739152358691
0.0003417980606812421
0.00031759856063473535
0.0002921691512938196
0.00026560831935995566
0.00003514600830811787
0.00005623361329476495
0.00007710304922525779
0.00009767335219024176
0.00011786472292385497
0.0001375988374689996
0.00015679915179944715
0.0001753911997184332
0.00019330288226626635
0.00021046474791219794
0.00022681026233328794
0.00024227606666471502
0.0002568022232232181
0.0002703324477266733
0.0002828143273028161
0.00029419952325326904
0.00030444395770246047
0.0003135079836269483
0.0003213565376896099
0.0003279592750367044
0.00033329068553555885
0.0003373301913711657
0.00034006222550431175
0.00034147629035174987
0.0003415669970188162
0.00034033408460132364
0.00033778241975568335
0.0003339219762068524
0.0003287677947483303
0.00032233992370223064
0.0003146633397719256
0.0003057678503601835
0.00029568797686252424
0.0002844628203853006
0.0002721359092703324
0.0002587550302450836
0.00024437204286442693
0.0002290426785584998
0.0002128263246525819
0.00019578579491508208
0.00017798708628546933
0.00001762733436017072
0.00002820373497769424
0.00003867071382401832
0.000048987663788579994
0.000059114561818063294
0.00006901212492493869
0.00007864196278362101
0.00008796672711852693
0.000096950257027828
0.00010555771938669523
0.00011375574425187551
0.00012151255409520445
0.0001287980875339656
0.0001355841153518611
0.00014184435019970465
0.00014755454790815747
0.00015269260140016172
0.00015723862594896332
0.00016117503560408863
0.00016448661107659746
0.00016716055783660977
0.00016918655519049253
0.00017055679554900394
0.00017126601392192242
0.00017131150747928814
0.00017069314537110358
0.00016941336846443278
0.00016747717905118975
0.00016489212077175353
0.00016166824874730423
0.0001578180900203563
0.00015335659427506698
0.0001483010756295755
0.00014267114506338885
0.00013648863403048495
0.0001297775097661713
0.00012256378224506648
0.0001148754032946897
0.00010674215843309298
0.00009819555154777504
0.00008926868322589598
0
0
0
0
0
0
0
0
0
0
0
0
0
0
0
0
0
0
0
0
0
0
0
0
0
0
0
0
0
0
0
0
0
0
0
0
0
0
0
0
0
