40
40
40
40
40
40
40
40
40
40
40
40
40
40
40
40
40
40
40
40
40
40
40
40
40
40
40
40
40
40
40
40
40
40
40
40
40
40
40
40
40
16.922916218064596
27.076665948903358
31.358035965665575
33.49986023449739
34.73093572301336
35.514143097011356
36.04906438676757
36.43293942151119
36.71824861379834
36.93573403987647
37.10460508581823
37.23749205147605
37.34304194766662
37.42736807682913
37.49490319405863
37.54892389376401
37.591884595614566
37.625636419114876
37.651573707044896
37.67073334640853
37.68386206341683
37.69146096400911
37.69381290843895
37.69099583932603
37.682883330136065
37.66913197728177
37.649153467931136
37.62206679445941
37.5866225080931
37.54108495249013
37.4830478298786
37.40913848947737
37.31452641819238
37.192066331228325
37.0307112373011
36.81234592375295
36.50487349606382
36.04545877430212
35.29499974594454
33.89927843382584
30.817525848932583
12.51727485938423
20.02763977501477
24.85825883161511
27.913809655719426
29.913761976039684
31.281256137095575
32.25449666391162
32.97037757436464
33.51083602089281
33.92714819417152
34.25277722969552
34.51038618047501
34.715818015579046
34.88044497377959
35.012607225145196
35.11852325189265
35.202882509510715
35.2692403926226
35.320286109558026
35.35802612441908
35.383909453502746
35.39891113783989
35.403583855720015
35.398083297833196
35.38216963062787
35.35518444177896
35.31599940197589
35.262928801967384
35.19359212304426
35.10470315829867
34.991745764104365
34.848466967426226
34.666063560855974
34.431832920509564
34.12684870185295
33.721795184795575
33.16923655755161
32.38903251499489
31.24182980750075
29.49062930589678
26.809663005360708
9.788872521537405
15.662196034459848
20.138805178978703
23.39000417459817
25.737050013841362
27.451942547704373
28.72787731326975
29.69504319219587
30.440533015063675
31.02330457274633
31.484057732900236
31.85150482205655
32.14633248516586
32.38373083794444
32.575035187432675
32.72881180861267
32.85158921360671
32.948358558989504
33.02292016562037
33.078124748592245
33.116040349478325
33.1380647372701
33.14499560189571
33.13706562299556
33.11394543355285
33.07471387129218
33.01779106975605
32.94082516113192
32.840516654073696
32.712354376570026
32.55022070491677
32.345797378838554
32.087659488176534
31.75987338560816
31.339801263044148
30.79466008581557
30.07626225985075
29.11367380565317
27.80572644145299
26.023766419862078
23.65796947260189
7.936982886480422
12.699172618368674
16.652577559110988
19.780237015347723
22.204394771481887
24.075447530266487
25.52577500548558
26.658941885937928
27.552227997634606
28.262388762423722
28.831084382751758
29.289109421873135
29.65946069253323
29.959500900726297
30.202471892325644
30.398554333302553
30.555613878053954
30.67972997554338
30.77557236676299
30.84666904141936
30.895594974385208
30.92410107203014
30.933195813021428
30.923186949704586
30.893686548291107
30.843578974605478
30.77094763382032
30.67295177786023
30.545638812166956
30.38366935901265
30.17992069033128
29.924917696200012
29.606018542101136
29.206256972435128
28.702728105051822
28.06444460701753
27.249812993146023
26.20459798767281
24.86307230320059
23.158617890832627
21.053288991666026
6.595282470529904
10.552451952847846
14.002393346942998
16.88699588910965
19.240528030173845
21.13794028410808
22.661582486296695
23.885853834041104
24.872450582678894
25.670487571373137
26.318347831654812
26.845833453483493
27.276082034706935
27.627110926427914
27.91300511563818
28.144810681203715
28.33119962806545
28.47896194882236
28.593368238646125
28.67843496729313
28.737115503709383
28.77143304527107
28.782566272515815
28.77089435031366
28.736004397274463
28.676661371496383
28.590737134003657
28.475091931721803
28.325397391359655
28.13588511640854
27.89899919250166
27.60492519692348
27.240965612967432
26.79073972376757
26.23322377648243
25.541754694592562
24.68337409619642
23.619401508286458
22.308955795232727
20.717898487405805
18.834453170368914
5.576384345894359
8.922214953430975
11.930226058459123
14.540859797459856
16.752089591187207
18.59668656605536
20.122305752798184
21.37891945069814
22.412506375023877
23.262680057987943
23.962385736864572
24.53850818095344
25.012774462515335
25.40266291067365
25.72220362089495
25.982639791615345
26.192955272281637
26.360286443772768
26.490238733397632
26.58712599486499
26.654147563195675
26.69351425012126
26.706531309012515
26.693643546839002
26.65444522472623
26.5876550504485
26.491054309840365
26.36138393728367
26.19419412340627
25.983638172795615
25.722201528941937
25.400358974307384
25.006161781316205
24.524779460157102
23.938071066243346
23.224359736067175
22.35875557072363
21.314618707995223
20.06697872387402
18.59856587331405
16.90778715755823
4.7754381003152755
7.640700960504441
10.270371497764833
12.613017199200707
14.653030186458079
16.40089722102023
17.882127628608753
19.12856151154233
20.172816984918196
21.04529629106098
21.77288755152994
22.378645550956016
22.88196955889643
23.298991558731846
23.643020026341887
23.924963656767574
24.153703383944762
24.336403647407472
24.47876444314055
24.58521986974289
24.65908982345945
24.702690917722077
24.717411483249148
24.703754070055513
24.66134741695983
24.588928466248564
24.48429374655362
24.344218436614504
24.164340896270378
23.93901090569203
23.661102252488956
23.321796405719468
22.910356821429495
22.41393764582275
21.817512557796086
21.10407506198518
20.255348438382658
19.253322558961926
18.082915763557594
16.735761018418028
15.214328198561844
4.129517315409273
6.607227704654837
8.914593315781126
11.009373309750304
12.872085843881795
14.501983950814017
15.911103018045246
17.11868527473087
18.146965385165906
19.01841759959397
19.754179016930163
20.373285320535526
20.892410245925404
21.325887872366376
21.68587517425152
21.98256967130805
22.22443482776736
22.41840901933606
22.570087255942198
22.68387209006303
22.763093733928955
22.81010091817525
22.826324394416126
22.812314771327657
22.767755908244318
22.69145458602114
22.581306810040164
22.434241085356415
22.24613965541178
22.01174052655853
21.724526935933806
21.376618022348957
20.958686593125602
20.45994911424833
19.868300845945193
19.170703747272345
18.353966329068665
17.406056054389694
16.318004478018338
15.086236473711551
13.714760430646864
3.598736498670525
5.75797839787284
7.790412110291268
9.661841558350913
11.352909791652792
12.857564730719378
14.179921016037392
15.330816850678874
16.324837637584682
17.17808970374671
17.906708758331067
18.52595932289867
19.04975671282821
19.49046587816371
19.85886777904751
20.164218173978064
20.414350425313632
20.615792812590755
20.77388332699145
20.892872750771176
20.976011505395647
21.025618403020577
21.043130837808146
21.02913663129855
20.983388055416842
20.904798756807367
20.79142461916289
20.640430263293922
20.44804419968836
20.20950802918529
19.919029096212174
19.569752338955055
19.15377647134974
18.66225241988936
18.085617205735126
17.41403034883089
16.63808307824271
15.749826159951573
14.744086965483504
13.619904877495813
12.381731706814376
3.156702633883401
5.050724214213442
6.848037874136687
8.520981309309287
10.05182907278803
11.432335967794211
12.662114619847527
13.746553071980706
14.694793323650664
15.518047081485083
16.22833322478504
16.83760935260818
17.357221926708377
17.79759090160047
18.16805492589326
18.476819516049943
18.730966608851165
18.936497066138617
19.098387550766518
19.220650109798818
19.306387445323214
19.357839864901702
19.376421811566978
19.362747084624157
19.316642686389226
19.237151910972745
19.122528043417127
18.970221075376553
18.77686140694094
18.538246871974604
18.24934290266578
17.90431050652473
17.496583029422336
17.01901993805792
16.464172456228432
15.824698257957422
15.093954282162068
14.266769402880607
13.340344346385887
12.315146590889105
11.195587809899187
2.7853394655218544
4.456543144834967
6.052450516476377
7.550568265507731
8.935229265669054
10.197589445222256
11.334815499104938
12.348842529329044
13.245031379087791
14.030942015154352
14.715327687963924
15.307374082918626
15.816161686184001
16.250310028364908
16.617759181350948
16.92564875167945
17.180262424470982
17.387014044987275
17.550458039135336
17.674312322230527
17.761485813371554
17.814105515376607
17.833540125813627
17.820418579265368
17.774643013343084
17.69539659719459
17.581147636725635
17.42965254215263
17.237961775173474
17.00243494035322
16.718773863527165
16.38208581087125
15.986992695388047
15.527805467103958
14.998784391313565
14.394503045473643
13.710323066862857
12.942964315364632
12.091119920046237
11.156023101433883
10.14183918312171
2.4719175409871745
3.9550680655794794
5.378500150321048
6.7237730046198285
7.977249265600677
9.130268289878689
10.178765201076692
11.122539036761346
11.964372695190947
12.709159334876324
13.363129073172711
13.933217520274095
14.426581654057413
14.850248204773486
15.210871066573697
15.514572886600424
15.76684841981895
15.972511177885794
16.135669031169705
16.259718115263315
16.347347429926224
16.400548902571263
16.420629524454476
16.408223595468602
16.363304276698784
16.285194684419697
16.172579789684285
16.023521526703036
15.835480856357679
15.605352141557232
15.329517066465286
15.00392734540689
14.624227278413755
14.18592814741755
13.684645402546813
13.116405015173772
12.478015560900829
11.767486450321426
10.984451230917886
10.130532907121367
9.209575370110334
2.207268546677176
3.531629674683482
4.807800915160742
6.020509395313632
7.157940878385421
8.211967552369384
9.17799536096856
10.054540195333267
10.84265598145567
11.545320371572215
12.166852505361515
12.712405423002881
13.187550227014267
13.597951988578513
13.94912777835788
14.246273084444354
14.49414224615865
14.696969792061006
14.85842164726667
14.98156742831104
15.068867145112016
15.122167450023724
15.142704099423208
15.131108568851932
15.087417859542182
15.011087530604884
14.901008962328794
14.755532865611148
14.572502142561664
14.349298377699599
14.082907437030912
13.770010709283621
13.407109123734372
12.990686710905063
12.517418421998084
11.984422363823814
11.389548869456462
10.731687920009906
10.011063773511207
9.229474679439633
8.390431526763303
1.9846698742835447
3.1754717988536716
4.326714326743802
5.425595931125313
6.461862961012875
7.428040224982318
8.319397591103055
9.133711437319937
9.87089535978488
10.532570816307118
11.121633431106783
11.641852191914287
12.097521847793042
12.493175850386729
12.83335859060183
13.122450830472648
13.364540115335432
13.563327607593124
13.722063446706155
13.843503882064603
13.929884719702093
13.982906893645097
14.003731141097868
13.992979811470242
13.950744789535207
13.876601394548016
13.769628963621775
13.62843966401698
13.451217910455117
13.235773561468614
12.979612752466972
12.6800306385175
12.334230219934202
11.93947046413057
11.493244707465994
10.99348644449096
10.438793944020173
9.828658054305913
9.163670299791093
8.44568313007255
7.67789375461141
1.7991259304673735
2.8786014887477975
3.9250118368780433
4.92747468279956
5.8770304652479854
6.76685603546192
7.592292006071359
8.350715309655254
9.041302045783242
9.664727480530095
10.222843728859376
10.718365429340636
11.154582978103846
11.53511364271249
11.863693949151436
12.144012150020835
12.379576954479592
12.573617517200573
12.72900946217256
12.848222074105909
12.933282453535343
12.985753226822817
13.006721228450317
12.996795380384118
12.956112763526082
12.884352607462576
12.780758619692042
12.644170731744852
12.473067939540947
12.265624416041906
12.019781396682703
11.733337357722348
11.404058551637345
11.029810822686601
10.608711593336782
10.139297864169086
9.620702088684098
9.052823309371595
8.436476881837166
7.7735038120230655
7.066821647293696
1.6468936939972516
2.6350299103956027
3.5949722436229137
4.517313624755132
5.394138068142034
6.219212270327695
6.988042487677397
7.697813387914286
8.34723637181933
8.93633853194917
9.466221469968042
9.938813884080083
10.356635259812839
10.722581650204017
11.03973924518994
11.311227498187623
11.540070951595263
11.729097363123275
11.880859012230387
11.997573909339401
12.081083836773395
12.132826570338857
12.153820162938205
12.14465775231921
12.105511945375914
12.036148407598377
11.935948830416214
11.803943941069797
11.638857629339658
11.439163546612468
11.2031556172612
10.929033698309306
10.615005019963029
10.259400923469679
9.860806701886403
9.41820004746316
8.931090876339706
8.39965251998186
7.824832072286591
7.2084268613379106
6.55311532848901
1.5251640696206512
2.4402625113930423
3.3307650931950037
4.188375364628079
5.005991798336987
5.777878561050358
6.499735553019859
7.168676324812601
7.78313091047538
8.342694659881563
8.847944347549038
9.300240341571243
9.701529705460324
10.054160829620479
10.360716252349333
10.62386710200284
10.84625018699442
11.030367133734774
11.178503999974089
11.292669323696211
11.374548465295494
11.425472245765578
11.446398185143664
11.437903036557385
11.40018574350941
11.333080385237437
11.236079086654682
11.108365225046718
10.948857529853502
10.756265800088183
10.529158901167959
10.26604538522694
9.965466441004304
9.626099869907698
9.246872391905763
8.827075869751987
8.366481173124049
7.8654416887161
7.324977342369455
6.746829909495612
6.133481735905102
1.4318460617619313
2.29095369881909
3.128027516398067
3.93557411832426
4.70709768646168
5.437253885934538
6.121924789725037
6.758219093524631
7.344408583707564
7.87981570370588
8.36466823952631
8.799936199437578
9.187163669701606
9.52830552079067
9.825575883570366
10.08131267682712
10.297860329699896
10.47747125424903
10.622225549396473
10.733967779518736
10.814259376577725
10.86434517446007
10.885132720263998
10.877183255501112
10.84071356889505
10.775608249231421
10.681442174458109
10.55751332637694
10.40288618160607
10.216445958377856
9.99696385139687
9.743173020003121
9.453854472973875
9.127931102128144
8.764566980730848
8.363267744268697
7.923976567939793
7.447159182178415
6.933870814845889
6.385798204854045
5.805271095321859
1.3654212813897324
2.184674050223572
2.9835760751703226
3.7551688319306815
4.493370086815203
5.193115917908045
5.850436588363049
6.46246836999664
7.0274090082585206
7.544428140456509
8.013545552235408
8.43548998821329
8.811549826317695
9.143424821875564
9.433085791750582
9.682646878824878
9.894253118190473
10.069984512003359
10.211776722948072
10.321357779787473
10.400199790699068
10.4494845114363
10.470081648660408
10.462538934142897
10.42708323127559
10.363632186840183
10.271816178468123
10.151010494196536
10.000377777999594
9.818920747008658
9.605544996417441
9.359131326181394
9.078616431508106
8.763080001781335
8.411835310536105
8.024519340386712
7.601177513002222
7.142337374633087
6.649065335020822
6.123000962684417
5.566364511531288
1.3248486462848132
2.1197578340557013
2.8952165792069184
3.6445580198737924
4.361933234445413
5.042446649899002
5.682231100325434
6.278463841961974
6.829329910922849
7.3339426469504945
7.792232874299925
8.204818335847854
8.572863919085535
8.897941450296067
9.181895780359689
9.426721859801797
9.63445570815415
9.807080729825005
9.946449745603829
10.054222375396167
10.131816975447842
10.180376142210626
10.200744784031858
10.19345987432133
10.158751185378817
10.096552516221575
10.006523130514584
9.888079274667716
9.74043571521448
9.562657183789385
9.353719415319594
9.112579085380602
8.838251384776544
8.529893225047498
8.18688919284444
7.808936450944084
7.396123950732486
6.9490007431475815
6.468628032758192
5.9566100663182375
5.415100060289307
1.3095069487672752
2.0952111180276405
2.861628811072578
3.6021541966744457
4.310998176149811
4.983322437292876
5.615312725020615
6.204192934214878
6.74818674360455
7.246436891988635
7.698893756471969
8.106184873443382
8.469475879299205
8.790331514293813
9.070583247145153
9.312208051466758
9.51722109350376
9.687583669688594
9.825126683727772
9.931489250321603
10.008071604913292
10.056001325273279
10.076111870742224
10.068932563259054
10.03468932222988
9.973315680203042
9.884473809863078
9.767585449078748
9.621872684613876
9.44640851225294
9.240176899246299
9.002141707872967
8.731323282905914
8.426880769094153
8.088197348377943
7.714964653738148
7.307261757366937
6.865623515358229
6.391092866967337
5.885252098552577
5.3502291805023425
1.319168251282454
2.1106692020519264
2.882312813422306
3.627324785299804
4.339804072559085
5.014860669320975
5.648685816241949
6.238557722267846
6.782791578097857
7.280646061940969
7.73219974274744
8.138210213087588
8.499967041179595
8.819147310935776
9.097680090627662
9.337623949069643
9.541059792844633
9.709999888028788
9.846312941358415
9.951664495023195
10.027471566217253
10.074870365894908
10.094695996084877
10.087473196260959
10.053417440434083
9.992445938746517
9.904198335753486
9.788067089265967
9.643237625033867
9.46873835842236
9.263500518300916
9.026427366550752
8.756471853624477
8.452720980436634
8.114484176616939
7.741381930110113
7.333429848235698
6.891112490579293
6.4154409244651385
5.907988242723404
5.370898402475822
1.353999023557057
2.1663984376912913
2.9575908055613866
3.720393519662439
4.4486186430354016
5.13721910945742
5.78235310108287
6.381372887840901
6.932751221620922
7.43596180110328
7.8913307351834785
8.299874200254077
8.66313457550507
8.9830240644177
9.261681727325925
9.501347264643552
9.704252913138834
9.872533432721125
10.008153286842974
10.112849650401369
10.188089711209175
10.235040775000117
10.254551867684619
10.247145797147038
10.213020948570867
10.152062409401179
10.06386232445544
9.947749640625494
9.802829583149553
9.628033274864666
9.422177822711944
9.1840369036235
8.912421337439131
8.606268303528148
8.264736738504434
7.887305100588269
7.473866241417341
7.024812828119721
6.541105936120583
6.024319448948175
5.476654044498341
1.4145893551376025
2.2633429682201642
3.088665270541958
3.882702696307143
4.638797793718034
5.3516475977135665
6.017356212355524
6.633393935531908
7.198483715720979
7.712438779994668
8.175974028402335
8.590509933459792
8.957982792560767
9.280670394164813
9.561038116597924
9.801607420714989
10.004846605285016
10.173082416424352
10.308430447669746
10.41274205298736
10.48756557140477
10.534119917183139
10.553278945721368
10.5455654114876
10.511153757449009
10.449881393923285
10.361268521098907
10.244546904814708
10.098698303949444
9.922503432807067
9.714602370807592
9.473567135771217
9.197986634682207
8.88656331561707
8.538219510521735
8.152209690688112
7.728232783182516
7.266536612331166
6.768004914015955
6.23421682525584
5.667469841141672
1.5020141178569442
2.403222588571111
3.2777404209729433
4.116743096062272
4.912909770017593
5.66059540459231
6.355859532239457
6.996375130497314
7.5812514948822844
8.110806563641667
8.58631956873868
9.009787331647704
9.383699515499298
9.710841208069352
9.994125971497345
10.23645898522065
10.440627852283214
10.609217661546664
10.744546645654273
10.84861896463292
10.923091576741921
10.969252701485681
10.988009958381657
10.979886839914082
10.945026731848928
10.883204224498362
10.793843963838093
10.676047767029099
10.528631157444776
10.350170825946432
10.13906473783199
9.893606585555043
9.612075907861561
9.292844302326948
8.934496599695203
8.535963556921745
8.096659628858715
7.616616030823293
7.096596291812077
6.538179829308656
5.943799844826051
1.617934313280638
2.588694901249021
3.5282223092661322
4.426365946988142
5.274935039154848
6.067881153660003
6.801279975958577
7.47315629016712
8.083208001515276
8.63248240822226
9.123046852886686
9.557682104907247
9.939614183088844
10.272290613858694
10.559200656098573
10.803735339764518
11.009081520422326
11.178143828309109
11.313488822210498
11.417306453497009
11.491384862129319
11.537095433022593
11.555385880143799
11.546779884041298
11.511382497409722
11.448891174708875
11.358612899005584
11.239488488934114
11.090125773291286
10.908843897742223
10.69373151650031
10.442721906487543
10.153687938545758
9.824559093618456
9.453461016755382
9.0388751795634
8.579811967345195
8.075985210884625
7.527970766922663
6.93732786695265
6.306661697229681
1.7647529778782896
2.8236047646052636
3.8450238788080693
4.817101108186175
5.73056007907371
6.5789358372411995
7.358465961190799
8.06777605250034
8.707451879647536
9.279577587064084
9.78729605549293
10.23442366367154
10.625132633221227
10.963701329298324
11.25432566956751
11.500981678761283
11.707328710424344
11.876643754807864
12.011778759793689
12.11513453344484
12.188646328614432
12.233777536623329
12.251519028126904
12.242392608414045
12.206457853923451
12.143322324297355
12.052155854775508
11.931710373623496
11.780347489063265
11.596076952074052
11.376609979632116
11.119432194604373
10.821901367710165
10.481374851817396
10.09537004611541
9.661757800123072
9.178982866083194
8.646297342048962
8.063983578569417
7.433534826926835
6.75775893356985
1.9458494766480023
3.1133591626368036
4.235017685152091
5.296619329365144
6.287591846254123
7.201132657333854
8.0339277396198
8.785605575644121
9.458078178958713
10.054885269205988
10.580612148886782
11.040412664141604
11.43964164891372
11.783586018123811
12.077277185982856
12.325366445012103
12.532046742439814
12.701007211802466
12.83540987853214
12.937880690064407
13.010509262943224
13.05485349524303
13.0719465411931
13.062304691013711
13.025935550063299
12.962346668504203
12.870555528464925
12.74910263372672
12.596070438241185
12.409112041217876
12.185494966369184
11.922166836677993
11.615851098795877
11.263181640557102
10.860884352082591
10.406010247333723
9.896217406178781
9.330086899991302
8.707441764358952
8.029621630975273
7.299656028159339
2.1659315269694406
3.4654904431511055
4.70770490442155
5.875396300997416
6.956530220823197
7.944219113646796
8.836116826052969
9.63348921602906
10.340208149364711
10.961831197674535
11.504845703802774
11.976095543964917
12.382374457671508
12.730155164906838
13.02542102767891
13.27357065560012
13.479371695373683
13.64694596967835
13.779773213980757
13.880704641918554
13.951980517619445
13.995248018720769
14.01157715390241
14.001473553150781
13.964887749112378
13.90122126042867
13.809330503874904
13.687530425936487
13.53360087897906
13.344800288700316
13.117893154566284
12.849200395084722
12.534684307914123
12.170082417540069
11.751105608245549
11.273713783382139
10.734474197412691
10.130990842313805
9.46236689109698
8.729630293331626
7.936027539392387
2.4315710051331627
3.8905136082130602
5.276211685941596
6.5676655573775164
7.751347681346448
8.820864223241564
9.775741279185931
10.619865055410978
11.359966669394792
12.004358807686078
12.561987701905732
13.041779822739898
13.452226831106541
13.801145875301946
14.095559973326838
14.341655453471088
14.544785418544832
14.709498057579273
14.839575992333836
14.938078011615467
15.00737800727539
15.049198162892555
15.06463485691188
15.054176632072819
15.017714184142646
14.954542818504603
14.863358373340501
14.742248373525365
14.588681339562918
14.399498939946339
14.170918272950653
13.898555196836325
13.577484343965478
13.202356892561701
12.76760211689801
12.267740513295863
11.697830200128584
11.054047801658722
10.33436428335028
9.539216484347893
8.672014985770812
2.752037700061168
4.4032603200978695
5.958795691647658
7.392790429647417
8.69053593997344
9.847320942147144
10.866080315386276
11.754814364895038
12.524357335887911
13.186707665280784
13.753908516265268
14.237370866404524
14.647512949289249
14.993606911509348
15.283750828318487
15.524909872582105
15.72299046895959
15.882925417929178
16.008757321218898
16.103713496144316
16.170269058721534
16.21019682620071
16.224603724448166
16.21395387838062
16.178078781361375
16.116175076391112
16.026790704517747
15.907800661919207
15.756374582833095
15.568940141336757
15.341149262581016
15.06785888104057
14.743145019675469
14.360378550336293
13.912402444206924
13.391860736629228
12.791731840714238
12.10610049765434
11.331146272904752
10.466220377702175
9.514745797911068
3.140635980399441
5.025017568639106
6.781170253203591
8.377246173744702
9.79847890738454
11.044167934958631
12.123216224265683
13.0499499293586
13.840958259171977
14.513028865794668
15.081964710955543
15.562009749503803
15.965651961203273
16.303638149673883
16.585093691576965
16.81768347200248
17.007778595876726
17.160610833418232
17.280406773420186
17.37049907666211
17.43341490315982
17.47094270505427
17.48417884084909
17.473555294189858
17.438849419163375
17.37917624473989
17.292963586987256
17.177910196950656
17.03092765181942
16.848068062005343
16.624442535962526
16.354140664930018
16.030170384805132
15.64445199493042
15.187920958445137
14.650820136208399
14.023285777149685
13.296332659638487
12.463283482657621
11.521515985840647
10.474105441673316
3.6169298176141673
5.787087708182668
7.7801739366101454
9.557479749653057
11.10717443237484
12.437009831420715
13.56601786889404
14.517992778788704
15.317327099317177
15.986766318947925
16.54643477590821
17.01359540692965
17.40278191534387
17.726088461350237
17.99350081332854
18.21321234196647
18.391901196529986
18.534961953466247
18.646692956882077
18.730443691230764
18.788727222736732
18.823302301708242
18.835228792340498
18.824899010111434
18.792046445124594
18.73573229951852
18.65430931747951
18.545361620632494
18.405618859530694
18.230843326358507
18.015690467120805
17.7535478012783
17.436366857290245
17.05452089635546
16.596752677777
16.05032569778738
15.401557508342282
14.636972981372713
13.745301128215216
12.720314867130536
11.563922606482306
4.210622190965187
6.736995505544299
9.009705039898531
10.983975775129709
12.658188583170972
14.05683162037003
15.215566211506877
16.171802730291024
16.95996792395789
17.609726288368062
18.14575244028798
18.58818636236319
18.953309573510808
19.254225711462748
19.501459619413087
19.7034519545378
19.866953419257893
19.997332264705367
20.09881034589589
20.174641447008135
20.227243021743103
20.258289826896437
20.26877549131937
20.25904591539783
20.228806486199208
20.17710333219886
20.10227714218003
20.001886381276204
19.87259507968278
19.710018950266758
19.508522990025067
19.260965284600683
18.958388308226425
18.58967616244649
18.141233934447783
17.596819386537675
16.937785779135762
16.144179675458552
15.19730580727635
14.084250615447278
12.803864195861161
4.9687140589604395
7.949942494336704
10.550517157490534
12.726771959268074
14.50433089848087
15.939336409966204
17.09348826202066
18.02253175548784
18.772693866859843
19.380774467635472
19.875533324815965
20.279302790312865
20.60942445975206
20.87940650293642
21.09981359402144
21.278935942103
21.423286823795472
21.537970549946937
21.626953402010994
21.69326165160604
21.739124014486894
21.76607067605049
21.77499702046059
21.766197038979872
21.73936876239597
21.693591676151815
21.627273681109745
21.538062518080505
21.422713456696584
21.276901295681267
21.094960377783753
20.86953203770405
20.591096877967775
20.24737539705101
19.82260878120607
19.29681228773222
18.645283759901623
17.839033916444134
16.84742765948655
15.644891651465468
14.222628774059517
5.969664281363955
9.551462850182329
12.526497209143349
14.881984139813142
16.70954800352694
18.121932976351847
19.218376333787575
20.07651042926302
20.75426060175409
21.294165586788576
21.727449263525063
22.07719250890106
22.360633619650404
22.590790418366716
22.777594463968438
22.928685025526462
23.04996789597692
23.146011191866464
23.22032696017166
23.27557144517468
23.313686028382225
23.335993431815904
23.343258560870822
23.335719519105947
23.31309125658518
23.274541555181123
23.21863620120024
23.143246820658195
23.04541043745387
22.921123680651508
22.765045831242624
22.57007256151215
22.3267257089011
22.02228552875688
21.63958053588806
21.155380079857956
20.538501939278138
19.74828587225642
18.73545612407463
17.450072422362965
15.863702202148149
7.353846602333325
11.76615456373332
15.130801047950525
17.57621931481433
19.34331019010845
20.636035271492155
21.599257058454334
22.330587558365615
22.895321447657125
23.33765688407091
23.688103250477806
23.96818371360501
24.193406274535512
24.37516019420727
24.52194677461149
24.640193136841837
24.73480009857473
24.809516909190016
24.86720059540334
24.9099963850171
24.939462469208276
24.956653941015528
24.962175162256507
24.95620587663189
24.938503335981437
24.908379983314404
24.864653352362517
24.805561255648758
24.72863029885117
24.630478127073467
24.506517679978288
24.350511915483676
24.15389467472502
23.90471948727242
23.586013353059574
23.173196255536276
22.630136922718535
21.903646653751185
20.917863502590198
19.57631394495834
17.79664904087122
9.395847237255847
15.033355579609355
18.660973539843585
20.957180393498017
22.46155140026592
23.49141710011841
24.22540881365508
24.766177859840305
25.175160922700307
25.490802016317435
25.73818835804911
25.934309955456307
26.091044388019007
26.216918544277853
26.318187294332716
26.399515922248632
26.464424255207778
26.515582523167883
26.55501191619055
26.58422184604641
26.604303637786376
26.61599290096201
26.619708059481567
26.61556926086066
26.603399410599625
26.582706876481026
26.552647035789082
26.511956780129893
26.458851590283018
26.39086756141279
26.304618429320236
26.195415632083243
26.056658495502816
25.87882258289966
25.647716689825096
25.341358801926898
24.92417822371067
24.336077401887497
23.47255066384994
22.155859541006766
20.14169049182433
12.696062103438873
20.3136993655022
23.527012182034074
25.135611849769454
26.06108284579146
26.650573550506383
27.053759657029982
27.34356161140531
27.559331767618144
27.724120216873793
27.85232899546821
27.953427219165565
28.03389782607238
28.098324627313772
28.150032020600047
28.191478108427983
28.224505008991507
28.250502834326486
28.27051941280233
28.285334623576567
28.2955107305836
28.301425673801365
28.303293512194617
28.301174359763603
28.294974765691403
28.28443825569473
28.269124407354887
28.24837306042411
28.221247578484732
28.186446613763785
28.142165885215547
28.085876507342476
28.01395647461793
27.921048094464116
27.7988678945642
27.633831833486095
27.40187028592238
27.05586065051758
26.49148097672353
25.443073127582053
23.130066479620048
30
30
30
30
30
30
30
30
30
30
30
30
30
30
30
30
30
30
30
30
30
30
30
30
30
30
30
30
30
30
30
30
30
30
30
30
30
30
30
30
30
