40
40
40
40
40
40
40
40
40
40
40
40
40
40
40
40
40
40
40
40
40
40
40
40
40
40
40
40
40
40
40
40
40
40
40
40
40
40
40
40
40
17.0268832027492
27.243013124398722
31.58603921298963
33.7885286493602
35.07901808286814
35.920135932351684
36.51122152986476
36.94928288633066
37.28658064576302
37.55365016381595
37.76950797503121
37.946606040338835
38.09342801445052
38.215939131996706
38.318439521782224
38.404088610123694
38.47523900515058
38.533655171340506
38.58065967533508
38.61723217253935
38.6440763311449
38.661663983715165
38.67026211137372
38.66994579386123
38.66059840323895
38.64189867194104
38.613292471355244
38.57394477258061
38.522663679416354
38.45778246893145
38.376974984355755
38.276959760154014
38.153008348010964
37.998088229313055
37.80127567660488
37.544588997584434
37.196074785449596
36.69305096904511
35.89657785517817
34.452608517189624
31.32055319744511
12.724456416910686
20.3591302670571
25.312615332133284
28.489057623265285
30.60740813794471
32.09030456985525
33.175467817199255
33.99932994735703
34.643390169568704
35.15851272766625
35.577776443013796
35.92348896986917
36.21116773132126
36.45188988218988
36.6537312765745
36.82267688264782
36.96321324198808
37.07872303760384
37.1717524160632
37.24419376405269
37.29741026628585
37.332318603633176
37.34943978823312
37.348923785828696
37.33055027247176
37.29370493444866
37.23732755379316
37.159824039746674
37.05892855938734
36.931492274027754
36.77315874513562
36.57785671575331
36.33698637688194
36.03806982996687
35.66242637624519
35.18100638092383
34.54665998042238
33.67955199029841
32.44065263579097
30.59330366129737
27.81209423754306
10.097772852528747
16.156436564045997
20.816234731522922
24.247679015004074
26.771253049764972
28.658207295494243
30.10101625138115
31.229180068092464
32.12913862688961
32.859235516386114
33.45959758897022
33.95840725587396
34.37586574527014
34.72672316424888
35.02192067706658
35.26967633410186
35.47621604206705
35.646273380111495
35.783435297939874
35.89038235541198
35.969054555464936
36.0207625920294
36.04625688581914
36.04576153180553
36.01897621006912
35.96504547523319
35.88249098854835
35.769097466834076
35.62173640414809
35.436101440256685
35.20631307360952
34.92432398963789
34.57901255640001
34.154780206309304
33.62935540540293
32.970351869467656
32.13000837056016
31.037845880773364
29.593178434691993
27.667860541012573
25.15260049182961
8.34538059757382
13.352608956118113
17.548208770456732
20.914171612588877
23.57171890561059
25.670256659361165
27.341211361290252
28.68723716550478
29.784750647823884
30.68969518453968
31.442973363343512
32.07467909372373
32.607167346372975
33.05721900185088
33.437554705100766
33.75789461802136
34.02570419592309
34.24672221558854
34.42533618991461
34.564849018713744
34.66766627497947
34.73542362971008
34.769066964566726
34.7688925927932
34.73455090901147
34.66501310409329
34.558496769611274
34.41234170839021
34.22282137314335
33.98486716931176
33.69167120427265
33.33411661049231
32.89996255169576
32.3726858223786
31.729865837678762
30.941039857910503
29.965178147509913
28.748646973195868
27.226356767861226
25.33236149583181
23.029419541665284
7.100256638640035
11.360410621824055
15.109820781733804
18.289081026253537
20.931195829619114
23.109890859938492
24.9063374028826
26.393808859978254
27.632934121906782
28.671823940812043
29.547924528427806
30.290171552269463
30.92090887610916
31.45743429872866
31.9131881925062
32.29864705377648
32.621987857814574
32.88957916387915
33.10634239680185
33.276015509687326
33.40134222042949
33.48420306416772
33.52569916238734
33.52619539667129
33.48532616123977
33.40196367875725
33.2741456606285
33.09895555717536
32.87234447712111
32.58887884263219
32.24139204718333
31.820512664492195
31.314039054885644
30.706138385576523
29.976385796833977
29.09876693517419
28.041020559924217
26.765210069261375
25.23124292989855
23.40581167380747
21.278010612552244
6.1743481338253146
9.878957014120504
13.241583946959894
16.201137450074057
18.754094420037536
20.931775758278963
22.780441049169045
24.34872956716044
25.681356144331005
26.81674530943371
27.786732900984347
28.617177603032392
29.328866432713387
29.938425467539943
30.459121256122316
30.901522273469844
31.27402590906983
31.583269222429287
31.834443887050046
32.03153367232343
32.17748938817582
32.27435266445513
32.323336688466945
32.324869157423215
32.27860014924692
32.18337525809304
32.0371720650982
31.836995748755335
31.578727418996166
31.256916857167855
30.864510534308085
30.392507859497325
29.82954736994144
29.161447440027654
28.37077640266436
27.43662568477367
26.334931015367296
25.039933495291542
23.52759662931078
21.78163480371912
19.8014861851992
5.462179015942393
8.73948642550783
11.776422011256269
14.519792268405865
16.952270888340347
19.08267932622986
20.934924456547282
22.539315557709784
23.92701926276855
25.127072262674776
26.165088485687633
27.062944143630922
27.83895867856981
28.508285034954092
29.083354481324708
29.574300482364475
29.98933008538982
30.335033905423874
30.616636382073843
30.83819215579204
31.002735348662593
31.11238794731119
31.168432252116553
31.17135090491211
31.12083653169799
31.015771627362767
30.85417803249069
30.633134319851663
30.348658860893437
29.99555677824981
29.56723137264313
29.055466699001254
28.45020076300978
27.73933302563502
26.908651877761407
25.9420333195515
24.82214898094538
23.532000634437427
22.057579346364534
20.391648459682564
18.537862236075057
4.900243058786925
7.840388894059081
10.60482709522365
13.149340866196397
15.452520123800833
17.51174921971597
19.337265332197813
20.946592791306045
22.36033732621875
23.599440609154566
24.683609610400236
25.630557121487566
26.4557447359529
27.172407442241646
27.791717355624055
28.3230015429032
28.773966723183047
29.15090680925411
29.458882629796943
29.701870414870218
29.88287921524414
30.00403892465696
30.066660928514672
30.071273170327316
30.01763093932976
29.9047041543284
29.7306415289695
29.492711964024224
29.18722414027581
28.809427095179917
28.3533983835728
27.811933510329748
27.176462445849342
26.437038263896078
25.582470734925064
24.600712412887717
23.47963631701351
22.20834574137971
20.779076332422846
19.189521749030796
17.44501977184618
4.4481252401079425
7.117000384172708
9.653158511756052
12.02022638727418
14.196722429075582
16.17453549169582
17.95579873006029
19.54945727672017
20.968301411280468
22.226748430486538
23.33935782183434
24.319935974240895
25.181062038329824
25.93388931323688
26.588112934959184
27.152028870457897
27.63263596814956
28.03575171540824
28.366124843632143
28.627535752401954
28.822880398285026
28.95423593292203
29.022907759922862
29.02945833659136
28.973718331414645
28.85478092183915
28.6709803024054
28.419856109242144
28.09810675617639
27.701537035270015
27.225009323429042
26.662414060725794
26.006684545279754
25.249893871292883
24.38348710305866
23.39871566771469
22.28734416548988
21.042675335908893
19.660863746882082
18.142347265477493
16.493042968615903
4.078956514860176
6.526330423776281
8.870582282299178
11.081686404805037
13.139610926739204
15.033875339157575
16.761941094333924
18.327140955854176
19.73666788169917
20.999899617637926
22.127143455891584
23.128773520749533
24.014685131482466
24.793982208031995
25.474823911589397
26.064373057463
26.568804864676245
26.993347789036886
27.342338039544078
27.619276295666214
27.826879780982676
27.967125847576536
28.04128511510928
28.049943396899685
27.99301244276088
27.869730180634285
27.67865186159021
27.417634521273808
27.08381870642668
26.673613757651708
26.182696396281454
25.606037203515164
24.937975868097706
24.172373331724497
23.30287556096083
22.32332604718602
21.22835600683828
20.014153937319634
18.679361858862737
17.225965937734735
15.659969034304305
3.774240114302387
6.038784182883819
8.221156077417962
10.296328922044669
12.24616303239851
14.059417928125587
15.730954006483511
17.260502776801395
18.651335279903638
19.909044949858192
21.04054959602069
22.053336713259007
22.954930382021693
23.752538500805947
24.452835841572508
25.061843316942362
25.5848716821661
26.02650584389886
26.390612770419224
26.680361346537797
26.898246477692954
27.046112576721107
27.12517355279092
27.13602783208379
27.078668003941498
26.95248560178855
26.756272471920205
26.488221323269318
26.145929553170642
25.726412464492284
25.226134644595323
24.641071569009885
23.966817172724333
23.198756474167894
22.33232384352502
21.36336463759002
20.288607134645382
19.106229349758745
17.816470134045332
16.422191406770576
14.929264915245978
3.520882444350638
5.633411910961021
7.678931383506163
9.636313291220869
11.489298114867374
13.22668372658422
14.841959231711522
16.33258646352228
17.699131681636235
18.944402024159825
20.072680505235237
21.089101088217873
21.999169380352463
22.808414201479103
23.52214666545702
24.145302078705424
24.682342422518087
25.137201142910154
25.513256111408968
25.813320313099933
26.039642847691923
26.193915199180278
26.277279545059532
26.290337277887264
26.23315704543554
26.105282617811984
25.90574188692161
25.633059409535683
25.28527621692748
24.85998219590801
24.35436819698535
23.765307019680904
23.08947422234406
22.323520633070594
21.46430739219819
20.50920978858306
19.45648634871075
18.305693507832036
17.05810471773913
15.717070892806905
14.288246266188095
3.309407214231969
5.295051542771151
7.224846872816902
9.080698061434134
10.848036411956508
12.516064304532234
14.07761805525515
15.52875812040114
16.868209523798015
18.096758107683883
19.216677015550903
20.23122598241391
21.144240571571856
21.95981144087126
22.682044145747504
23.31488590245995
23.862005126999122
24.32671084260029
24.711901134799568
25.020032086857928
25.253100722221472
25.412637286129225
25.499703702304924
25.51489628917017
25.45835188561936
25.32975749896848
25.128364523824864
24.853009555497415
24.502144878669878
24.073882856614354
23.566059618515588
22.976324479081278
22.30226211027447
21.54155410868842
20.69218455001511
19.752689567684524
18.722443267011062
17.601961397545967
16.393191567735695
15.099747833004619
13.727043484549654
3.132838866071233
5.012542185713973
6.844709263135122
8.613599165566074
10.306089385512811
11.91192394920128
13.423696176505164
14.836624716669828
16.148197104293637
17.357751400417637
18.466051585234368
19.474893926388848
20.386764674824708
21.20455652133823
21.93134269782791
22.570202789754024
23.12409223871007
23.595747188673172
23.987617002506042
24.301817918095004
24.5401026000988
24.703841597567532
24.794013863679663
24.811204516565873
24.75560893809687
24.627043153913704
24.424961248085904
24.14848136613999
23.796422657491355
23.36735627526336
22.859674208598243
22.271680116722216
21.601706219070778
20.848259327664426
20.010196876467393
19.086929931047283
18.078644505051585
16.986525449669333
15.812959944045712
14.561692398110463
13.237902180100422
2.985981983800403
4.777571174080645
6.527851712195618
8.222903605308087
9.85080242366919
11.401851076728066
12.868623849553543
14.245854025595902
15.530210006439086
16.720006676621452
17.814892482246936
18.81554252537464
19.72337728579637
20.540317383902163
21.26857791363211
21.910501325265738
22.46842523809769
22.9445803988591
23.34101379028617
23.65953225200315
23.901662631304088
24.06862526053909
24.161318360931155
24.180311751134788
24.125848975760757
23.99785766410287
23.79596858684216
23.519544497659805
23.167720411442865
22.73945743960126
22.233612598101082
21.649027001674266
20.98463438614213
20.23959075105496
19.413423880616886
18.506198457843816
17.518688517194818
16.45254452316763
15.310438325000822
14.09616696195853
12.814697238144118
2.864944372131806
4.58391099541089
6.266225796404548
7.899364907706609
9.472370198112039
10.97605942083661
12.403100200416366
13.747964331868186
15.00678971614624
16.177180979982424
17.25797793842258
18.24901580370498
19.150894519278918
19.96476829999235
20.69216121700294
21.33481077085691
21.894538798416423
22.373147539057168
22.772337973142463
23.093647390071805
23.3384033413948
23.507691538142126
23.60233576041438
23.622888398453494
23.5696308006696
23.442583143290676
23.24152404218046
22.966020581351795
22.615469806426017
22.189152979840213
21.686303951140385
21.106192769394063
20.44822504550569
19.71205644714555
18.897719996287055
18.005761542616167
17.03737606481974
15.994534688164597
14.88009012900289
13.697847483557945
12.452588621416313
2.7668155524847258
4.426904883975562
6.053778648409597
7.635963930332513
9.163258745680759
10.62692170141319
12.019759459318973
13.336120387554312
14.571811263726133
15.723957991452014
16.79083154318532
17.771657904795365
18.66642694080763
19.47571087336853
20.200499175680346
20.84205348969622
21.401783801885756
21.881145504208845
22.28155600520389
22.604329089716085
22.85062511519684
23.021415260942387
23.117458324233283
23.13928891844814
23.08721632592694
22.96133365799866
22.761537347386327
22.487557315368857
22.138998383691213
21.71539359632123
21.21627002496633
20.641227291901668
19.99002838956202
19.262701357760037
18.45964898456593
17.581761986955073
16.63052927233387
15.608137184459128
14.5175485203833
13.36255204230719
12.147774583915625
2.6894478967849267
4.303116634855883
5.88602313001134
7.427457406248779
8.91778396376046
10.348614796246288
11.712901948089995
13.004953654465893
14.220384850132302
15.35601676993358
16.40974159643498
17.3803672213105
18.267454948749673
19.071160112463804
19.792082667863404
20.4311322205676
20.989409843877446
21.468107469627043
21.86842457336662
22.191501237844854
22.43836637613062
22.60989983880149
22.706807241564114
22.729606567636953
22.678625873037348
22.554011711774887
22.355748166463894
22.0836865841421
21.73758624153115
21.317166159427526
20.82216810988827
20.252430470018297
19.607971937971563
18.88908322641787
18.09642371065259
17.231118715365035
16.294851832879058
15.289945610772282
14.21942341737072
13.08704557708324
11.897314160984763
2.6313081000433467
4.210092960069355
5.759743027194898
7.270062650412002
8.731809793550553
10.136857276630947
11.478286383353577
12.750414704032146
13.948765727086581
15.069991368074701
16.11176025552766
17.072624480890315
17.951876168524088
18.74940316919304
19.465550889831306
20.100995080244168
20.656628507882534
21.13346295762431
21.532546907091675
21.85489851255255
22.101453134442643
22.273024466142452
22.370278338751785
22.393718399601536
22.343683052964632
22.220353264903192
22.023771032301184
21.753868463103665
21.410507475237633
20.993530059969988
20.502818836952475
19.938367223351644
19.30035793100309
18.589247698943737
17.805855204729557
16.951448064504362
16.027823870041008
15.037379509554963
13.983162789775701
12.86890080934364
11.699000735766946
2.5913790196161206
4.146206431385793
5.672796594820429
7.16124446201383
8.602540215744682
9.988723891589654
11.312978166431757
12.56966039111699
13.754280075679661
14.86343152765005
15.894693068801075
16.846504417693986
17.718032822866977
18.509036820012636
19.21973447869237
19.8506810160978
20.402658892200673
20.876582067942792
21.273415035645574
21.594106498299933
21.83953713385928
22.01048067286662
22.10757748264656
22.13131993348726
22.082048972839537
21.95996150976951
21.765128375390425
21.497522740046826
21.157058900138342
20.743641263192636
20.257223128368103
19.69787445698344
19.06585724346609
18.361706343537236
17.586312738765383
16.741005301707332
15.827626304941967
14.848595357584918
13.806956333859189
12.706402332311251
11.551274847555682
2.5690996946977087
4.1105595115163345
5.623995695197822
7.099582487077173
8.528387663422365
9.902525683573067
11.215248581727657
12.460975980915286
13.635270771452044
14.734770433179621
15.757085595774504
16.70067746906587
17.56472466607457
18.34898815834312
19.053681062096814
19.67934796473202
20.22675675869813
20.69680454892341
21.090438161662846
21.40858908105928
21.652122223881282
21.82179777277359
21.918245264445357
21.94194921749714
21.893245737873638
21.772329717197454
21.579272403826355
21.314049244094797
20.976577928429297
20.5667665009534
20.084571170847823
19.5300630738836
18.903502660341807
18.205419639714393
17.43669553426753
16.598644965943375
15.693090953789469
14.722428901591632
13.689673794345255
12.598485561397524
11.453168692179567
2.564336611241567
4.1029385779865075
5.61304741391089
7.0847062150347275
8.50890719964042
9.87774835576887
11.184521057761046
12.423731519258917
13.591064685606083
14.68330264574091
15.698210904141902
16.634405336215412
17.491210961625917
18.268521399248083
18.966665483287528
19.586285335437854
20.12822837135292
20.59345432943663
20.982957431845474
21.29770316786197
21.538578858747304
21.706357050193755
21.80167081981165
21.825000228616794
21.7766693424835
21.65685346451773
21.46559641927917
21.202837883389805
20.868450832323234
20.46228913627413
19.984245153954298
19.434316808912005
18.81268306402384
18.119785930623753
17.356416186594817
16.52379890783457
15.62367387439725
14.658365090600924
13.6308332915584
12.544705624316567
11.404277840287788
2.577383191684312
4.1238131066949
5.640552364088306
7.117291809031595
8.544791451020256
9.91504518701036
11.22136227531348
12.458371624698428
13.62196182065544
14.70917328639572
15.718059443053901
16.647532055656217
17.497203093072937
18.267232203055165
18.958185863456784
19.57091172178977
20.106429686292206
20.565839966193735
20.950247394721355
21.260700900182254
21.4981468148155
21.66339473901606
21.75709483915774
21.779725696778193
21.731592105079866
21.612832494414334
21.423435935131646
21.163268887761166
20.83211201757357
20.42970742786616
19.955816551594744
19.410288626826237
18.79313912133278
18.1046366318184
17.345395662121433
16.51647133793381
15.619450682359918
14.656533796031136
13.630597485502458
12.545233925695916
11.404758114269015
2.608987867674569
4.174380588279311
5.708060273801399
7.199121192698783
8.6379264192938
10.01628428236871
11.32751763198206
12.566438042727777
13.729245576301864
14.813377827151978
15.817330784385446
16.74047024010956
17.582847634916398
18.345029491912797
19.02794559090437
19.63275801217796
20.16075111448826
20.613241253263197
20.991504400282373
21.296719612783214
21.529926368712914
21.69199402450146
21.78360198546091
21.80522955671642
21.757154833089377
21.639462369312245
21.452059731538473
21.19470335004563
20.867034347226113
20.468625168662463
19.99903784711849
19.45789451179943
18.844960237553497
18.16023742984686
17.40406960552973
16.577250666480012
15.681133700854948
14.717731279478805
13.689797620331063
12.600882474406955
11.455347704006323
2.660414593684611
4.256663349895378
5.818190028243698
7.333210167999077
8.791513456532467
10.184653384511805
11.505992187430097
12.750624340168782
13.915212332103112
14.997770064237454
15.997424682655653
16.914180158531725
17.748697967755877
18.502103332358434
19.17582028821986
19.771435368483093
20.290587662451475
20.7348820504866
21.105822172410893
21.404759877924562
21.632858331887064
21.791066475538052
21.88010310157047
21.900449348390133
21.85234894200242
21.735816009995645
21.550650761813415
21.29646376988471
20.97270998324474
20.578733926567075
20.1138277241574
19.577303548345224
18.968581697455885
18.287294606511292
17.533405533466873
16.70733835704254
15.810111936131563
14.843469149489001
13.809987743031135
12.713158468047627
11.557416789134207
2.7335439813576157
4.373670370172185
5.974829311424858
7.524019782426496
9.010268425309405
10.424828948064286
11.761179474089008
13.014861600561183
14.183216844605186
15.265073577639306
16.260426520133233
17.17013714024435
17.995670705411914
18.738876066695507
19.401807830603815
19.98658692236083
20.495293925208404
20.929889274498624
21.292154826316043
21.58365211636151
21.80569353419217
21.95932352998173
22.045307788936068
22.064129040443255
22.015988827495573
21.900815170250215
21.71827664049523
21.467803939572587
21.148620644708004
20.75978533644614
20.300247783208604
19.768922123630524
19.164779870150692
18.486964802624666
17.734930123969576
16.90859533219154
16.00851601924321
15.036054526673524
13.9935339924283
12.884354462597404
11.713049511452185
2.8310293382582072
4.529646941213132
6.183439948609118
7.777774878098487
9.300715922556162
10.743219654820027
12.099041024959606
13.36443230349825
14.537727098267116
15.618888753744107
16.609079163660425
17.510280239192717
18.324981252748323
19.05593251048098
19.70595862429925
20.277821570395513
20.77412323020637
21.197238023966186
21.549267763822904
21.83201249609905
22.04695262733117
22.195238941437292
22.277688206399585
22.294782972769198
22.246674936758584
22.133191936613688
21.953849328721695
21.707867197376967
21.394195621119064
21.011551052552612
20.558467722809613
20.03336873435319
19.434661921411777
18.760865254490902
18.01076501106933
17.183606511368946
16.27931142669229
15.298707516667125
14.243747201744547
13.117683205128895
11.925166550117178
2.9565313252826675
4.730450120452268
6.451511423278933
8.102927354625969
9.671604950517215
11.148297648568255
12.527338279560551
13.806105767845773
14.984377410043729
16.06368270860037
17.04672925993543
17.936932072191524
18.738050748082575
19.453923774832393
20.088282709342764
20.64462803608182
21.12615029954723
21.53568305031768
21.87567721308521
22.14818921766488
22.354877469488063
22.497003478793925
22.575435297274666
22.590651933172015
22.542748239349425
22.43144049602018
22.256073634574843
22.015631856275203
21.708755361689747
21.333767071734997
20.888714588340854
20.37143411842883
19.779644414738904
19.1110794691287
18.36366789942592
17.53576354144107
16.626424410438396
15.635725113622334
14.565071714146502
13.417471617240636
12.19770147021876
3.1150704385637575
4.984112701702013
6.789230887820465
8.510821483578088
10.134482879009074
11.65103238227504
13.05591400186764
14.348281034741705
15.530000630300426
16.604742558452422
17.57723079829766
18.452676269944508
19.236374614438674
19.933438312993495
20.54863000783405
21.08626755759735
21.550177222291435
21.943677313457567
22.26957973612837
22.530200832083967
22.72737587558922
22.86247366585628
22.936409122658272
22.949652823494677
22.902237194964826
22.79375973540895
22.62338433268851
22.389842575932338
22.09143806720387
21.72605823574415
21.291200131148276
20.78401912497927
20.20141219636033
19.540149972975243
18.79707282246556
17.969364136382243
17.05490586322635
16.052704595663702
14.963350155441901
13.789436731943146
12.535851574493769
3.313563221808702
5.301701154893923
7.2104804037848
9.016647930520516
10.704476461848715
12.26543939177663
13.69700931593158
15.001109337510972
16.182607688344206
17.24806281490044
18.20478234501948
19.06017532882387
19.82134132454713
20.49483348475032
21.086540479907196
21.601644356319696
22.04462343793462
22.41927925402964
22.728773845599555
22.97566896968036
23.161962176090167
23.28911695673988
23.358085561817447
23.369323946367757
23.32279888790894
23.217987785115962
23.0538721707267
22.828926710384696
22.541106593882414
22.18783796624592
21.76601862391649
21.272039818455763
20.701844715470088
20.051044488319214
19.315117971895603
18.489722581975318
17.571138114737256
16.556844565171577
15.44619437696407
14.241079833346882
12.946436212133529
3.5616562258693247
5.69864996139092
7.734343930462898
9.640816272007548
11.401339144568485
13.009243491315402
14.465579186790881
15.77654451716434
16.951263708544452
18.000124915169394
18.933667170732047
19.761908567660164
20.49398949337884
21.1380218465401
21.701062466393775
22.189154683653445
22.60740195720824
22.9600517265066
23.250576963137917
23.48174876174938
23.655696797641195
23.773956438624513
23.837502318256647
23.846768651196452
23.801656767033773
23.701530451860815
23.54519988459043
23.330895416430323
23.056233394260953
22.718177983304177
22.313005923881327
21.83628588951128
21.282891139597904
20.647073740557136
19.922640076473147
19.103277789245876
18.183086705863555
17.157347975411376
16.02350927442669
14.782257826822914
13.43841620620265
3.8730625420912825
6.196900067346053
8.387431186613831
10.410936745214602
12.250823566309911
13.904619993351679
15.379523697458756
16.688230617431284
17.845782983502573
18.867511704461663
19.76785903876098
20.559808883143457
21.25469323636171
21.862209312252553
22.390540566545802
22.846517976335345
23.235786281865366
23.56295728009025
23.83174228131866
24.0450612593837
24.205128902511326
24.313518880613493
24.371207894833983
24.37860088532656
24.335538392031406
24.241286652129126
24.094510711363167
23.893230783396316
23.634762549935868
23.315643440185426
22.931549780927167
22.477215015760564
21.946368277699726
21.33172701662564
20.62509822685271
19.817668850434988
18.900589609575444
17.865957603619282
16.708242723651992
15.426031333668949
14.023664848789952
4.267786229214346
6.828457966742955
9.20754590580498
11.364678365846046
13.286401290229788
14.978892613383085
16.45966886109945
17.751075599221775
18.87613067320743
19.856285073575638
20.710453993269812
21.454780668065563
22.102771593489162
22.665588270363823
23.15237949013395
23.57059763329331
23.926275426792053
24.224256567465833
24.46838155330526
24.661633185709498
24.806246897905044
24.903790611848187
24.95521788810408
24.960897031282983
24.920617694085315
24.833575453448564
24.698333862707415
24.512762698097998
24.273950697071424
23.97809140322315
23.62034251117188
23.19466366273418
22.693647237932744
22.108374843510852
21.428363681780567
20.641716163719654
19.735651311032516
18.697655760102062
17.517477936858718
16.18996476871676
14.71814978974251
4.776000561220852
7.641600897953363
10.249617795089234
12.553831664378384
14.551213200492798
16.26488332681453
17.729186973451533
18.980276092092083
20.05138327638977
20.97104853970884
21.762896167616784
22.446093516613423
23.036029832137583
23.54499861543931
23.982797694098874
24.35722409354138
24.674467903025477
24.939418887127218
25.155901228494447
25.3268502270058
25.454442203423856
25.540186181416473
25.584983475189716
25.589159149532495
25.55246739363773
25.474071072031307
25.352493999239176
25.185542775973776
24.9701933508282
24.702436037348864
24.377072102362334
23.987456595546433
23.52518865617395
22.979767679859286
22.338271464769207
21.585186489792612
20.702649073321048
19.67154121512907
18.47405316535945
17.098204311056033
15.543822100960032
5.445205212747174
8.71232834039548
11.5954941815653
14.049819157446038
16.099738766710804
17.800243142189736
19.211922601993123
20.38946186185156
21.37808148449615
22.213633652320382
22.92399294351921
23.530672016102237
24.050260497406146
24.49558381751553
24.87659396763222
25.201038751201548
25.47495900746543
25.703055825228777
25.888960371967688
26.035430541806864
26.144491860535343
26.217534865505314
26.255377164220146
26.258295207623902
26.226028170368103
26.157753929892646
26.052034725818917
25.9067274218296
25.71885016087184
25.48439343849646
25.19805926464142
24.852907790668848
24.43988874901191
23.9472411786898
23.359773196383568
22.658114191023174
21.818221936795567
20.811811228944414
19.608993256424505
18.184980942311377
16.531800856646708
6.35438373289519
10.167013972632306
13.370212671889435
15.95021358613134
17.9976814600783
19.624430083628333
20.928800949325282
21.98757008636642
22.857850252740946
23.581415022617037
24.188773581735465
24.702344999085255
25.13876044951702
25.510486532675902
25.826960151416262
26.095382662873117
26.321278441796093
26.508890071472447
26.661459055664313
26.78142497723766
26.8705651866977
26.930089676160332
26.96070057288488
26.962621833533188
26.935601639045846
26.87888722037783
26.79116898044229
26.670487390847494
26.51409171579562
26.318233471378914
26.077868784009762
25.786231467565447
25.43422212267831
25.009539661324165
24.495470324809947
23.869279299866445
23.100317181509443
22.148492188693098
20.965131109729388
19.500928491890072
17.72811681080916
7.644457421735789
12.231131874777262
15.768129947365582
18.38314232208098
20.316344932734474
21.770996567808904
22.891283059281903
23.774169556713588
24.484336925029424
25.065405333878196
25.5473443040077
25.951177091951262
26.291953100362736
26.58064521930254
26.825381111525733
27.032257123895167
27.205885975172546
27.34977103067467
27.466564971364964
27.558249379920074
27.62625855725775
27.671562456456325
27.69471803006862
27.695894345460268
27.674873764053725
27.631028748370415
27.563270967940063
27.469965778525598
27.348800106481935
27.1965841302716
27.008955015959543
26.77993114103397
26.50123245018513
26.161228710864467
25.74329267347651
25.223218860311572
24.56527847223372
23.716712207211526
22.602113264083115
21.1254876457296
19.20498876884509
9.590579192761414
15.344926708418264
19.08803367626306
21.497881779218275
23.1135605359634
24.25192954397643
25.091166699831444
25.733489874939277
26.23992445109768
26.648527146379873
26.98402343120237
27.263068338686743
27.497232157416615
27.69476278202776
27.86166472324855
28.002381629404557
28.120240288180536
28.217746177442017
28.2967835689425
28.35875222834322
28.40466047280378
28.43518686884832
28.450718078831137
28.451367101473515
28.436973671583793
28.407086377336732
28.36092367570017
28.297307922329818
28.214562024364042
28.11035108733632
27.981439093387543
27.823308628129375
27.629550725088574
27.39085284738326
27.093255466009193
26.71502753259641
26.22086803583492
25.55096714948908
24.601124180332118
23.193921977700548
21.085383616091406
12.793726536957248
20.469962459131597
23.74119677635194
25.40679122394681
26.388086661899266
27.03199527587088
27.487965350789292
27.828699943877393
28.093345127443186
28.304756751460804
28.477155425216836
28.61984226524794
28.739146095083715
28.83951080352507
28.924135227424628
28.995366314490813
29.0549493702199
29.104191881058245
29.144073009298562
29.17531764579614
29.19844642591799
29.213808683032852
29.22160254865626
29.221884553075743
29.214569687169575
29.199421649336962
29.17603165412032
29.143782404337966
29.10179114109754
29.048821218922143
28.983143709328797
28.902315561803547
28.80281091725993
28.679378356452737
28.523850598498274
28.322769468254254
28.05220059456291
27.665165679415985
27.05749572835774
25.963693754995802
23.603357959087095
30
30
30
30
30
30
30
30
30
30
30
30
30
30
30
30
30
30
30
30
30
30
30
30
30
30
30
30
30
30
30
30
30
30
30
30
30
30
30
30
30
