40
40
40
40
40
40
40
40
40
40
40
40
40
40
40
40
40
40
40
40
40
40
40
40
40
40
40
40
40
40
40
40
40
40
40
40
40
40
40
40
40
16.990960644003565
27.18553703040571
31.50723764908631
33.68871422676383
34.958586618669685
35.77956475576035
36.35106744429611
36.77017979878602
37.08923687668245
37.338845452187435
37.53809019499094
37.699487646791106
37.831582236366195
37.94039593300858
38.030281348485836
38.104445949112765
38.16528577027243
38.21460394295351
38.25375681349757
38.283752826065964
38.305319364344236
38.31894684238404
38.32491564928079
38.323309080520986
38.314013533266085
38.29670559570182
38.27082386600436
38.235520971903824
38.18958768019898
38.13133503084978
38.05840983965057
37.967498948599584
37.85383769194222
37.71035296272551
37.52607624159491
37.28297702065888
36.94904924549925
36.461554568051554
35.681493602005
34.25475653409808
31.140687758270982
12.652836154961307
20.24453784793809
25.155505458657384
28.29005356068992
30.367299042355803
31.810042111269233
32.85616211650893
33.64224484994382
34.24993788186366
34.73024784613215
35.11638940791559
35.43079897878066
35.689115149568096
35.90252818934239
36.079218589679776
36.225267098127226
36.34524683903576
36.44261758651436
36.519992835209194
36.57932236924736
36.62201665602088
36.64902942320777
36.66090841510708
36.65781997767047
36.63954981835532
36.605479348508595
36.554533849395696
36.48509462090231
36.39486126473418
36.28064060727328
36.13802232437459
35.96087197259038
35.74051753479357
35.464400189842806
35.11374993556347
34.65941981153765
34.05415498847543
33.21800808033792
32.01183029971626
30.19883801136401
27.45348910124001
9.990903124698685
15.985444999517897
20.581799824228774
23.950730782725593
26.412969047645856
28.240007577156444
29.624557306182773
30.69634776858252
31.542040225676192
32.22019073639506
32.77112885539086
33.22322912193958
33.596873567380605
33.90698108479949
34.164648975696934
34.37823820992557
34.55410389079959
34.69709463089746
34.81089787511849
34.898279830479716
34.96125105413097
35.00117752054991
35.01884953977858
35.014515649226226
34.98788452921405
34.93809435575741
34.863645152789005
34.762284916039675
34.63083356236468
34.46491857643806
34.25858005032415
34.00367638452441
33.68897820029307
33.2987661797281
32.810635532877086
32.19205474897277
31.39510597315474
30.34914275336866
28.95330153675051
27.07924974385579
24.61749976714163
8.203930086917575
13.126288139068121
17.237915685872277
20.521137210497823
23.09750177081954
25.11673634214672
26.7105803529416
27.981991563791397
29.007679564293372
29.843868951850876
30.531730606558003
31.101612734575667
31.57610961398376
31.972225527136583
32.30288777923052
32.57800569772906
32.8052157402707
32.99040893994962
33.13810582352542
33.25172265216642
33.33375838355135
33.385921857483666
33.40921175294823
33.403956735334276
33.369819112431806
33.305761633139866
33.20997325092028
33.079745165885456
32.91128256474785
32.69942929190292
32.437271030907056
32.115566120987026
31.72193111470068
31.239682984124673
30.646224769650715
29.910901512778263
28.99247616976621
27.837093408089405
26.379428609386245
24.55328811173641
22.321171010669463
6.925110098405754
11.080176157449205
14.725610358784968
17.802418826079595
20.34401171609637
22.42451212149409
24.125478816563064
25.520561133371704
26.67075077718664
27.624506712970526
28.419607356847457
29.085303251091734
29.644234574364994
30.113975745878523
30.508223028887464
30.837687148484004
31.110756818762702
31.333989126243658
31.51247019675731
31.650078350388526
31.74967293659158
31.81322509043647
31.841901309023843
31.836106533966813
31.795489911591662
31.718913212536016
31.604378688909293
31.44890961114695
31.24837256057247
30.99722554039265
30.688170168795768
30.311680498759852
29.855378307277736
29.303232866824928
28.634600927418177
27.823230126783155
26.836602531408605
25.636507151051216
24.182560407359166
22.441148216540753
20.401043833218868
5.966600606278184
9.546560970045094
12.785858325121616
15.623890131929532
18.057614480501925
20.118823670762147
21.854236900349743
23.31293934769231
24.540076191707747
25.57448498849255
26.448395615924927
27.188040242313285
27.81455735471928
28.3449011404667
28.79264167009432
29.168625246495804
29.481500411079697
29.738127843355123
29.943894575764794
30.10295087329143
30.218384701964084
30.292345156875893
30.326122971144592
30.320193360078015
30.274223901041637
30.187047792065897
30.056600556081133
29.879815991309297
29.65247494784713
29.36899860844828
29.022177141641265
28.60282667464799
28.0993762934184
27.497409642693146
26.779236015091946
25.92366452681667
24.90632643415967
23.701137375704864
22.283715636738002
20.637411914943936
18.761283559039942
5.223128690032862
8.35700590405258
11.25202896281094
13.85556697524666
16.150847329723817
18.14723390770654
19.86916244915322
21.347455323199885
22.61377435260048
23.697631489097915
24.625094072954436
25.41846807596085
26.096477369011108
26.674652445679403
27.16577383115231
27.580294681430107
27.926711039928062
28.211870837598248
28.441223310773886
28.619014684362927
28.748436904721608
28.831735618220577
28.870282357406587
28.864614444072398
28.81444464236433
28.71864118510478
28.57517751923531
28.381050083527732
28.132161884225432
27.823170069820176
27.447298088433453
26.996119097657107
26.45933009308512
25.82456043808647
25.07730045200174
24.201101286445752
23.17828422125478
21.9914765263851
20.626272031218033
19.075015589517104
17.340923263197368
4.631382821245611
7.410212513992978
10.015041491359156
12.402285727857775
14.551157882398755
16.45965237278781
18.138601191778477
19.606105742286296
20.883328693331805
21.99174624320454
22.95157531521369
23.781012052755823
24.495972911585273
25.110117511037068
25.635010776980607
26.080339334933292
26.454134940015425
26.762980910530903
27.01219090647656
27.205956635499994
27.34746465595557
27.4389839443543
27.481926248169348
27.476881012056655
27.423626177125623
27.321115624004197
27.16744364020295
26.959786752370757
26.694323891789296
26.366137670869122
25.969103365402233
25.495779284888137
24.937324336198568
24.2834878145067
23.522744249023752
22.642680836003635
21.630776555022056
20.47571349591
19.169280531119057
17.708700642837016
16.09881876621547
4.151132984000219
6.64181277440035
9.001661062968092
11.195003591998354
13.201046680075097
15.012353079910644
16.63171299741745
18.06870901842673
19.336746636554604
20.45083360390707
21.426092719493735
22.276864299586126
23.016229951912507
23.655812038533668
24.205739608954122
24.674705812813407
25.070068546564347
25.3979649872204
25.66342315494518
25.870461476070318
26.0221719910911
26.12078549030787
26.1677182438157
26.16360064829032
26.108288397295105
26.000856954885155
25.83958039739973
25.621896323918232
25.34435982485061
25.00259185549958
24.59123135014336
24.10390673611017
23.53325188649305
22.87100433190718
22.108238817945093
21.23580318498101
20.245026763013087
19.12874701400495
17.882624982716816
16.506578608944203
15.00598055358564
3.7556842783414446
6.009094845346312
8.161435712664709
10.18344202037388
12.05583067198071
13.76885468583054
15.320690703875947
16.715365347911444
17.960741227385185
19.06683879050464
20.044578486662484
20.904915613510294
21.658292409187908
22.314323363830223
22.881639949573067
23.367837312047556
23.779481491910524
24.1221489258308
24.400479828125302
24.618233970643992
24.778342015303394
24.882948551514687
24.933444879364142
24.930490766981496
24.874025207267632
24.763266850855878
24.596705514237684
24.372087170118455
24.08639636233666
23.735842330012897
23.315858582152686
22.821130504153736
22.245671865745553
21.5829783528044
20.8262928451224
19.969019534981406
19.0053158522091
17.93086384454369
16.74376833714559
15.44544956023265
14.041317782029681
3.4267021302000256
5.482723408320042
7.45877890960352
9.33065969053937
11.08103103665957
12.699441053053167
14.181519008727875
15.527742352532476
16.742102041524173
17.830882454616006
18.80166058352228
19.66254872140642
20.421658921820587
21.086747979783638
21.664998433188295
22.162895979381723
22.586171534325686
22.93978410924984
23.22792750086513
23.454049138454703
23.62087339116578
23.73042446668989
23.784046017517202
23.782415980171255
23.725556236219067
23.612837598813485
23.442981571797652
23.2140614680212
22.92350697511829
22.568118277128736
22.144098495289175
21.647116503665195
21.072415855268996
20.41498889649686
19.669836654311062
18.832332211215405
17.89869449441371
16.866557052523163
15.735581216439988
14.508020486353237
13.189109533048399
3.151242188197733
5.041987501116373
6.868069526728334
8.609230640878348
10.25006748442289
11.78021666352151
13.193985050560773
14.489627855716027
15.668477037773773
16.734074620716516
17.691404722691352
18.546265840898236
19.30478894988839
19.973086675686037
20.55701019255143
21.0619891531766
21.492932423667476
21.85417135013583
22.149431421833217
22.381821887215867
22.55383590745763
22.667356200543924
22.72366294338721
22.723442100324526
22.66679347899653
22.553238816087013
22.38173119184925
22.150668177812
21.85791243342676
21.50082504905746
21.07631878344961
20.58094033803554
20.01099260770564
19.362708776942853
18.632489084122913
17.817206508568812
16.914577831867593
15.923580395170426
14.844873399699718
13.681160644770973
12.437418767973611
2.919963544446687
4.671941671114699
6.370543219284924
7.998589595932521
9.542414129514786
10.992102866052353
12.341353697728751
13.58706296062419
14.72876239841321
15.768012109719873
16.707823903365743
17.552157650979485
18.305507788278653
18.972580058444994
19.558049013434136
20.066382703372305
20.501720374466686
20.867790271594895
21.167856726112465
21.40468796178738
21.580538144217705
21.697139003268333
21.755697860766283
21.756900143213745
21.700915524044017
21.587407801814287
21.415549556293865
21.184043598826772
20.89115429010864
20.534752942826128
20.112382698736802
19.621349306277946
19.05884481041557
18.422110790133768
17.708645726933604
16.916456533395447
16.044346545191583
15.092221391377844
14.061381519276194
12.954759197357777
11.777053815779796
2.726011355087022
4.361618168139236
5.952271509718295
7.48318790527425
8.942187132763666
10.319936325558258
11.609928835398616
12.808256500698487
13.913249584299598
14.925054963640155
15.845208256287677
16.6762371194641
17.42131608830577
18.083980396897157
18.667897675015183
19.17669159413536
19.613809446772905
19.982425316102226
20.285371164103008
20.5250893077069
20.7036010375495
20.82248738689974
20.882879203153294
20.885454695974058
20.830443553201253
20.71763756130638
20.54640847669535
20.315734694036173
20.024239054725243
19.670240905298453
19.25182617254385
18.766939616130582
18.213503304573326
17.589564392240604
16.8934730436962
16.12408748031104
15.280997467356444
14.364750499525762
13.377057704716124
12.320951269477417
11.200864790434016
2.5642955430969323
4.102872868955092
5.602818633150276
7.051205266551182
8.437085036576342
9.751717671565002
10.988610357977716
12.143401458211121
13.213632880032206
14.198457864482323
15.098324678012705
15.91466652602887
16.649617312710344
17.305763672079124
17.885936808591783
18.39304313430146
18.829930087999205
19.199282355695455
19.50354349858167
19.74485835073308
19.92503220272003
20.04550356504863
20.107328107257544
20.111172145920712
20.057314790811446
19.94565855273548
19.775748873459822
19.546803656832598
19.257754444569656
18.90730134875164
18.493984147984445
18.016271951927735
17.47267336733319
16.86186794900283
16.182857684885757
15.435134221573886
14.618853566829182
13.735005548110966
12.785561268812009
11.77357952833169
10.703254116665171
2.4310132773014828
3.8896212436823725
5.314332199982089
6.693643514949423
8.01760211076057
9.27801033904615
10.468495811371913
11.584461680141079
12.622944714897251
13.582412241432449
14.462527119545308
15.263904678726574
15.98787900421074
16.636289666024343
17.21129473913146
17.71521206562834
18.150388110186295
18.519092237767946
18.82343352841459
19.06529708650067
19.246296998490106
19.367743495482532
19.430622384476713
19.43558536236975
19.382950382024497
19.2727117781508
19.1045603659859
18.87791417923911
18.59196088710599
18.245713178434645
17.83807845747902
17.367943969265134
16.834277853301643
16.23624549929994
15.573338865892996
14.845514126677905
14.053330286730576
13.198078649234798
12.281890834182144
11.307812257906246
10.279829325369315
2.3233269767165803
3.7173231627465286
5.080919255096394
6.403686062426905
7.676448786025027
8.891472313252471
10.042544433482961
11.124965382958596
12.135460603787479
13.072037698752252
13.933808812637388
14.72079723153907
15.433743133004327
16.073919191921053
16.642962852661697
17.142728884944432
17.575163462863056
17.9421993979083
18.245671192718778
18.487248114189562
18.668383372383353
18.790277618687554
18.85385525297711
18.85975238953758
18.80831572825071
18.69961197638414
18.533447838474515
18.30940090844462
18.026862025316756
17.685089748710066
17.283277518937645
16.820633726049206
16.29647425802125
15.71032607971267
15.062038999417853
14.351901069987333
13.580751216573093
12.750080985550944
11.862116192381562
10.919869183511135
9.927153803191942
2.239145062491494
3.5826320999863905
4.8982156130993895
6.1762453816257255
7.408128869124374
8.586499807070032
9.705306438987105
10.759823490860372
11.746598675309569
12.66334847259227
13.508819162052523
14.282628186854417
14.985098694422172
15.617097236206888
16.17988169825921
16.674963931561845
17.10398944048224
17.468634917502563
17.770523347043316
18.011155762453633
18.191858436001585
18.31374422332441
18.377686894439424
18.384307500248063
18.333972096307164
18.22680043369031
18.062685494610804
17.841323964230256
17.562257854127843
17.224927488072407
16.828735884526097
16.373124180339477
15.857657101859282
15.282116589313643
14.646600542307958
13.951622361170958
13.198205667771456
12.387967534611654
11.523183021686323
10.606824104156143
9.642567367414674
2.176973158842532
3.483157054148051
4.763090457449205
6.007646957451182
7.208636815364513
8.358963733512477
9.452714111257725
10.485180680988481
11.45282805920424
12.353211421900573
13.184861141873428
13.947146111607607
14.640127121989336
15.264409612411274
15.82100281506515
16.3111901219379
16.736413611432287
17.098174175323884
17.39794759846385
17.637116226384816
17.81691544832769
17.93839405633254
18.002387548835102
18.009503571065355
17.96011887428658
17.854387388571062
17.692259201252078
17.47351037963704
17.197783636619025
16.864639775816848
16.473619634175375
16.024315834995367
15.516453055856719
14.949974709319049
14.325132970379203
13.642578051291984
12.90344166270008
12.109408898691171
11.262772554178417
10.366464315676366
9.424058468796696
2.1358157705631498
3.4173052329010396
4.673449530314268
5.895415739943878
7.075249181942816
8.206023556863096
9.281929370936462
10.298301750495998
11.25159387594105
12.139305756032705
12.959879786280696
13.712574695188952
14.397328477524498
15.0146192001362
15.56533055589651
16.050627051161676
16.471841946890432
16.83037963886271
17.127633088065352
17.364916178016873
17.543410433633465
17.6641253269702
17.727871358758232
17.735245185706205
17.68662621315577
17.582184248068305
17.421897970139526
17.205584093358038
16.932937122035018
16.603579520765674
16.217121886161173
15.773232305494265
15.271713503150853
14.712585622210117
14.096171610831744
13.42318126828507
12.694789184624659
11.912701248393285
11.079204277813572
10.197193805036669
9.270176186396972
2.115116249602694
3.384185999364311
4.628114155062866
5.83814335981652
7.006392863373272
8.126007201186631
9.19124273820463
10.197493479319936
11.141262710684142
12.020090471386661
12.832448468125715
13.577614081159146
14.255533998518711
14.866686230196315
15.411947210832972
15.892468708265831
16.30956751077956
16.664629462990305
16.959028380123637
17.194059667090002
17.37088805130876
17.49050864663141
17.553720540497
17.561112183584736
17.513058013538103
17.409725920783373
17.251095328386153
17.03698577497976
16.76709592662797
16.441052867121734
16.05847129566685
15.619021870960824
15.122507368405815
14.568944571390409
13.958648939301927
13.29231816739288
12.571109906422794
11.796708312575198
10.971373937202534
10.097971905240895
9.179974459309905
2.1147281141702243
3.3835649826723593
4.626762970936975
5.835423275554446
7.0015794506597615
8.11834962954155
9.180019835183392
10.18206127033461
11.121090211742331
11.99478260864369
12.801756744239547
13.541436799731557
14.213908469556129
14.819775503516484
15.360023665254712
15.83589640971588
16.248784763608572
16.600132500607163
16.89135672305809
17.123783340461525
17.298596602340595
17.41680172866501
17.479199721014727
17.486373578068488
17.438685335033487
17.33628356080999
17.179121145998867
16.966983367945797
16.699526293875525
16.376325545988788
15.996935268150855
15.560956769439748
15.068115750829309
14.51834624210118
13.911878413982656
13.24932636065924
12.53177090478645
11.760831655200823
10.938722180794034
10.068282479830488
9.15298407257317
2.134914697388996
3.4158635158223936
4.669930585951865
5.887848045291875
7.06140069763553
8.183586380689977
9.248693202446127
10.252299733540339
11.191211098908873
12.063347385995222
12.867601251850209
13.603679931621711
14.271943990561265
14.87325193247915
15.408816735486846
15.880077834837238
16.28859012167719
16.635930159082985
16.92361895075978
17.153060127855817
17.325492242112542
17.44195388004931
17.503260472230053
17.509991910081308
17.462490359969316
17.36086794915915
17.205024264342008
16.994673824488082
16.729383836473577
16.40862257894236
16.03181864495497
15.59843095971985
15.108028929502868
14.56038123798487
13.955550685230222
13.293991117692663
12.576641064547923
11.805007415125447
10.981231672312818
10.108131358934628
9.189210326304208
2.1763774808057255
3.482203969289161
4.759063736346665
5.997069138161369
7.187585206720778
8.323401840055384
9.39879892603063
10.409516540217542
11.352650861574997
12.226499548966387
13.03037912915934
13.764433142061192
14.429444947500787
15.026664356525682
15.557653248345108
16.024152309855644
16.427968967866104
16.77088532364111
17.054584252817083
17.280591618758248
17.450232614634743
17.564600487760348
17.62453623221044
17.630618212452628
17.583161070304577
17.48222364971348
17.327626032798207
17.118976099027257
16.855706273219397
16.537121281481088
16.162457736044445
15.730956152385279
15.241945484274696
14.694939363581058
14.089741895864401
13.426559099938014
12.706110017295945
11.929729450189088
11.099452692659085
10.218072099232977
9.289156453848161
2.2403169672524332
3.5845071476038934
4.896642116825831
6.165926050326469
7.383121608491638
8.540735456786027
9.633059184173499
10.656088908215962
11.607357314620385
12.485713491411842
13.29108138898423
14.02422023140208
14.68650224521318
15.279716179188549
15.805899888724996
16.26720178160233
16.66576889023198
17.003658374412677
17.282769013846824
17.504789439039342
17.671160272035653
17.783047875320417
17.841327962825176
17.84657787335746
17.79907682896501
17.698813996019993
17.54550463591267
17.338615072131752
17.077397597201724
16.760936763966416
16.388208692159953
15.958154980987441
15.469772424140574
14.922218821642357
14.314933622612841
13.64776982635969
12.921130583200993
12.136100605229545
11.294559505944646
10.39926254373175
9.453875039756136
2.3285342691103037
3.725654830576486
5.086379017980898
6.398658933410794
7.652459243561014
8.839952594277493
9.95551308156764
10.995551560267005
11.958248488866818
12.843237428905304
13.65128128751001
14.383969661143428
15.043453042361742
15.632219980203631
16.152916857870437
16.60820629866064
17.000658589918988
17.33267020713141
17.606403959592722
17.8237460734885
17.986276436144355
18.095249115953603
18.151581089298364
18.155847836703238
18.10828512804692
18.008796924255492
17.856969905204796
17.65209570887353
17.393202538828277
17.079098344611964
16.70842824275371
16.27974911065583
15.791624168390674
15.242739608737452
14.632043639065172
13.958905381069647
13.223286830543662
12.42591579895437
11.568442363083165
10.653557488500436
9.685052262273125
2.4435876914719588
3.909740306355134
5.333527862972603
6.7012286562732895
8.001804211549294
9.227090175684902
10.371698604197693
11.43271331746725
12.40927047251507
13.302103676423785
14.113109687825077
14.844966962724873
15.500820276852398
16.084031888030406
16.597992517858703
17.045982346450643
17.431071721072
17.756052192076012
18.02339000471938
18.235195816547904
18.393205933703634
18.498771670966885
18.552854530267187
18.55602579534211
18.508469909846408
18.409991701441474
18.260028191588965
18.05766643778758
17.801669623641118
17.490514445893787
17.12244370165498
16.695538731477182
16.207816789500722
15.657358109039492
15.04246587767648
14.361858912777672
13.614891037007691
12.8017830023549
11.923843361258697
10.983646511342751
9.985133192129775
2.5890280199695868
4.142444831951339
5.645337107406914
7.0817818195420115
8.4395371554998
9.710190385621264
10.88888733579046
11.973795685493188
12.965453978775129
13.86612234101319
14.679205416070314
15.408778912078196
16.05922420289758
16.634960237074548
17.140255550522834
17.579102166790353
17.955134991449757
18.271583242693133
18.531243528057118
18.73646690837652
18.889154524259
18.990758101890528
19.04228298346408
19.04429234884041
18.996912117785016
18.899836748617677
18.75233687333377
18.553270516151855
18.30110060422468
17.993922644005735
17.629507803759754
17.20536811828513
16.71885186172477
16.167277816431408
15.548116371344792
14.859221953917128
14.099113952381673
13.267291202492544
12.364549031888062
11.393251425393037
10.357501295811852
2.7697517143414347
4.431602742946295
6.031721811154596
7.551318047490664
8.97678960998026
10.299737302148904
11.516369048493274
12.626579285702826
13.632950456204675
14.539838847611419
15.352623408573184
16.077135875969585
16.71925612927684
17.284642072533888
17.778560913822716
18.205792381188687
18.570580274406858
18.876614691121212
19.12703235539122
19.32442645824513
19.4708603602833
19.56788159831765
19.616534099220306
19.617367535259408
19.570443528712183
19.475339077325124
19.33114825849471
19.136484104595237
18.889483648703077
18.587820636444867
18.22873237325372
17.809069629376552
17.325381270976823
16.774047781567965
16.151478961602255
15.454388941259769
14.680153555921507
13.82723838243069
12.895659372759997
11.887406134176894
10.806732849251722
2.992537908677838
4.788060653884541
6.506262607005801
8.124646199351268
9.628227658981498
11.009208753665305
12.265772251189402
13.400530253344469
14.419015962589128
15.328426045504717
16.136677021780564
16.851755083746642
17.481302927279106
18.032380758135872
18.51134631777071
18.92381103115042
19.274641390240564
19.567984557807776
19.807304545711556
19.995420487013806
20.134541975327057
20.22629866945617
20.271762754614198
20.271463719903323
20.225395488178638
20.1330164032232
19.993243101814578
19.804440036447584
19.564407548944306
19.270373135952646
18.91899312501389
18.50637559696885
18.02814009570862
17.479535098146705
16.855639163039154
16.151673457540742
15.363447269540252
14.487937638004594
13.523963507494967
12.472855109984277
11.338959190894796
3.2668832299463766
5.227013167914203
7.087714573491946
8.821759272996175
10.41310212329941
11.855742875668357
13.151383499886917
14.306854935618798
15.331891999774285
16.237468874810464
17.034683693124766
17.734084492974635
18.34531038421625
18.876938854730028
19.336457457197742
19.730303789693107
20.06393773819706
20.341924113325277
20.568013166026777
20.745212322475172
20.875845964524917
20.96160204139141
21.003565316894537
21.002237529491556
20.957544937301204
20.868833832702254
20.734854808393592
20.553737017862368
20.32295462528561
20.039289394340177
19.698796344682233
19.296784137235335
18.82782887539357
18.285849589849068
17.66428512201838
16.95642253995805
16.15592963838457
15.257625739450493
14.258468646987634
13.158629494598932
11.962390449635393
3.60633925596944
5.770142809551104
7.802333124926599
9.669818723744838
11.356624162277503
12.860882948806287
14.190382797002375
15.35839209675231
16.380505566389733
17.272584377828363
18.049576685980206
18.724945905596474
19.310475301487184
19.81628337351592
20.250943306621828
20.62164282941929
20.934349194430983
21.193961371640828
21.404441567793704
21.568923601960122
21.689798343661153
21.76877752753797
21.80693750788424
21.8047443258391
21.762061080250643
21.67813818165151
21.551586761906158
21.38033546875456
21.161571332808816
20.891666740211853
20.566097396799446
20.17936147676174
19.724919234448596
19.195186775258215
18.581638525335904
17.875098970213845
17.0663279103097
16.147004563372448
15.111155561558194
13.956900286817623
12.688091169834204
4.030737927101662
6.449180683362661
8.687544427005117
10.70601531857964
12.491688305721896
14.051279157324844
15.402828794024103
16.56919154243159
17.573876267049357
18.43880522540556
19.1833432220162
19.824059660837978
20.37486209712785
20.84728644716598
21.25082787221229
21.59325581413106
21.880889631582864
22.118828245808007
22.311135138811835
22.46098316716472
22.5707643458184
22.642169302710155
22.67624016641703
22.673399546614384
22.633457147052074
22.555594480775895
22.438327187390495
22.279443666303457
22.07591831881428
21.823798009102006
21.518062132589638
21.15246123811824
20.71934874252862
20.20953843538525
19.612251951752363
18.915269572054854
18.105462888898728
17.169947148985976
16.098076834405507
14.88428384475328
13.531167131593893
4.570070833348506
7.312113333357611
9.797879635281067
11.981634760115485
13.860826335101162
15.459042512822107
16.81108377739564
17.953544052972553
18.920082493167964
19.739648512410508
20.436256984911292
21.02944549015546
21.534951684430688
21.96539433348759
22.330872165647925
22.63945764627911
22.897589869741076
23.11038032154765
23.281846897380007
23.415090004146922
23.51242199050467
23.5754584793667
23.60517772771001
23.60195197802255
23.565552839857574
23.495130961555056
23.38916853518626
23.245401468688268
23.060706385179678
22.830946175199525
22.55076721352785
22.213342906308938
21.81006480011502
21.330199631490625
20.760568432167315
20.08537783820148
19.286462347482914
18.34438132393912
17.240982788319396
15.963925581920403
14.512659619927641
5.271647487770331
8.43463598043253
11.214768928407047
13.56757118109599
15.517880195545052
17.121079885039563
18.4381445083861
19.524131275588807
20.424620254110756
21.175808669679878
21.805900288842444
22.33671979390921
22.785150453374612
23.164291830859995
23.484349517442475
23.75330345818691
23.97740435476523
24.161540163400556
24.30950531399168
24.424196853996513
24.507754954673576
24.56165999639419
24.586794435199735
24.58347448454662
24.55145400207212
24.48990057046146
24.397341350901517
24.27157362808185
24.109531834210816
23.907099073379722
23.658846813029577
23.357682115731603
22.994379755021924
22.55698268493293
22.030082619314168
21.394073095318163
20.6246575124169
19.693278747811114
18.569759558821264
17.22900899972176
15.662735454292507
6.214253931138303
9.942806289821284
13.062816648329944
15.56084852486556
17.527891203208902
19.076076409559178
20.30405562824789
21.288905638541355
22.08802946087833
22.743479255891984
23.28602999463157
23.73835267330455
24.117315551598786
24.43560656371482
24.702867368355914
24.92648675328032
25.11215853580965
25.264276175791522
25.38621299502881
25.480520928894524
25.54906989288719
25.593142418742246
25.613492992907624
25.610377676877714
25.583556507304674
25.532268403903796
25.455175448069614
25.350270008192883
25.214733761327555
25.04473151663382
24.835114001464326
24.57899142676983
24.267123132335115
23.88704971207926
23.42188268461436
22.848696810881954
22.136637304669787
21.24539283919905
20.12605732395147
18.72907996337589
17.02643633034172
7.538607776176365
12.061772441882184
15.535932656998188
18.08902819618477
19.96148013956012
21.35678743443175
22.419370070606398
23.246420374615013
23.90283846638534
24.432454950949506
24.865440114902363
25.223007512714545
25.52038563356493
25.768714556825778
25.976276611582676
26.149309724147443
26.29255460516728
26.40962858770307
26.503283924290105
26.57558706555287
26.628042233512442
26.661674175827063
26.67707939597331
26.674451212736464
26.653580943401682
26.61383477285734
26.55410297784308
26.472714578830466
26.36730544930058
26.234620272319447
26.070216599066356
25.86801944146743
25.619642040361732
25.31333457481676
24.932337815250303
24.45230244228644
23.83734451819901
23.034538902889622
21.968302885673403
20.542457144948873
18.674961040862613
9.519653268613768
15.231445229782029
18.932446877996643
21.300806803395993
22.87577878797252
23.974383350606413
24.774955288248666
25.379864695094387
25.85028386753186
26.224410528550457
26.52710467431127
26.775148849548955
26.980233342135165
27.15071807413831
27.292711192558997
27.41075121298422
27.50825068585915
27.587791454771583
27.65132451087225
27.70030648687966
27.735792551694328
27.758497987865496
27.76883595956678
27.76693571570799
27.75264299229636
27.72550217129766
27.684717375353777
27.629086613364684
27.55689858399026
27.46577450686751
27.352425017273394
27.212270140114107
27.038829410693285
26.822710160432344
26.549864425450263
26.19846477440164
25.733106243324062
25.093867883980227
24.17643113260649
22.803254659362327
20.730231508511206
12.75815547462215
20.41304875939544
23.663166242727783
25.30795336789718
26.268833376859057
26.89279916120345
27.329377695151084
27.65134837929891
27.897930967148984
28.092052026032803
28.24799963314144
28.375138855167812
28.479858698193745
28.566659235502364
28.638791280066656
28.698649357852112
28.74802178649162
28.78825435173245
28.820359677308584
28.845091174334385
28.862992975516175
28.874432828257998
28.879622155441027
28.87862563727819
28.871361274456437
28.857590655920067
28.836897807258456
28.808653220857693
28.771956981496345
28.725550433904072
28.667677894894723
28.595864938280283
28.50654984691211
28.394441013579804
28.25132680518118
28.063700708184307
27.807576216657818
27.435919302210326
26.844501855441866
25.767764611073137
23.425240555521032
30
30
30
30
30
30
30
30
30
30
30
30
30
30
30
30
30
30
30
30
30
30
30
30
30
30
30
30
30
30
30
30
30
30
30
30
30
30
30
30
30
