40
40
40
40
40
40
40
40
40
40
40
40
40
40
40
40
40
40
40
40
40
40
40
40
40
40
40
40
40
40
40
40
40
40
40
40
40
40
40
40
40
17.026894730212632
27.243031568340214
31.58606450192924
33.788560685290015
35.07905674163211
35.92018106412682
36.511272959741774
36.94934041499182
37.286644050254615
37.553719198412296
37.76958237218708
37.94668551172628
38.09351225207629
38.21602780939588
38.318532295283454
38.4041851201811
38.47533887773718
38.5337580193978
38.58076510027307
38.61733976578129
38.64418567571073
38.66177465583759
38.67037368214048
38.67005783087737
38.66071047230256
38.64201033872599
38.613403303094564
38.5740543397435
38.522771557372934
38.457888239598454
38.377078237816754
38.277060096248086
38.15310537788348
37.99818157692278
37.801364980181255
37.54467391102965
37.19615497967986
36.69312613326607
35.89664769808941
34.452672768113516
31.32061160737592
12.724479400766905
20.35916704122705
25.312665754097758
28.48912149761271
30.6074852171285
32.090394555153125
33.17557035987101
33.99944464999601
34.64351658764208
35.15865037123769
35.57792477864234
35.92364742267653
36.211335687219844
36.45206669026257
36.65391625159745
36.82286930774601
36.963412371413575
37.07892809962596
37.171962615959366
37.244408287188435
37.29762828127192
37.33253926554762
37.34966224189578
37.349147169115504
37.3307737196559
37.293927579555714
37.237548533957245
37.160042498554404
37.05914365019703
36.931703163250425
36.773364615465674
36.57805676933605
36.33717983840555
36.03825594966728
35.66260443281171
35.1811756842946
34.5468198744588
33.679701855327885
32.44079189100862
30.593431767016817
27.812210697288016
10.097807151074633
16.156491441719414
20.816309975644096
24.24777433396255
26.771368074149787
28.65834157952559
30.101169274637954
31.229351237529382
32.12932727913531
32.85944092031426
33.459818948532956
33.958643713186994
34.37611638393753
34.726987012914485
35.02219671317873
35.26996348787613
35.47651320063232
35.64657939182287
35.78374897684196
35.89070248583508
35.96937989673637
36.02109188328176
36.0465888508769
36.04609488413076
36.0193096577476
35.965377725981206
35.88282075472101
35.769423470415504
35.6220573817045
35.43641614783282
35.206620291549605
34.92462252731242
34.579301256820095
34.15505795061055
33.62962111718163
32.97060451895242
32.13024697860283
31.038069522643656
29.59338624366136
27.6680517117132
25.15277428337564
8.34542599934743
13.35268159895589
17.54830837282957
20.914297788485325
23.571871166032842
25.67043441422025
27.341413921692833
28.687463746423095
29.785000371138086
30.689967082441004
31.443266382085117
32.07499209770445
32.60749912253844
33.057568264394654
33.43792010044764
33.75827473007316
34.02609755154669
34.24712729032516
34.42575141388784
34.565272782713635
34.66809693669907
34.73585952011027
34.76950639434457
34.7693338589289
34.73499230136844
34.66545291204592
34.558933288674375
34.41277324682481
34.22324625851311
33.98528375496452
33.692077875721985
33.33451179167461
32.90034471107822
32.37305347889468
31.730217566468152
30.941374295841186
29.965493998460886
28.74894301308043
27.22663184937089
25.332614552882692
23.02964959352972
7.100312863724338
11.360500581958942
15.109944128276553
18.28923728117157
20.93138438734267
23.110110989707476
24.906588251578707
26.394089455431264
27.633243376662197
28.672160656345564
29.548287399790286
30.290559173144224
30.92131974426227
31.457866821830876
31.91364069430403
32.299117780588624
32.622474985328346
32.8900808042206
33.10685660585239
33.27654029461807
33.40187554742456
33.484742866306455
33.52624334765456
33.52674185606498
33.48587277694459
33.402508332352184
33.27468624129684
33.099489969885184
32.87287065074463
32.589394737972476
32.2418956648772
31.82100205275883
31.31451231709077
30.706593687582767
29.976821374109107
29.099181099629675
28.04141170645733
26.76557668197587
25.231583587979515
23.40612505702772
21.278295506388837
6.174414835573967
9.879063736918347
13.241730277200093
16.201322820650162
18.75431811254131
20.93203690578463
22.780738639593054
24.349062447183858
25.68172302386921
26.817144766636176
27.787163387745057
28.61763745098961
29.32935385971537
29.938938584551828
30.45965807454701
30.90208071285499
31.27460380517059
31.58386433559603
31.83505391090806
32.03215624271137
32.17812209230811
32.2749930502727
32.323982274140384
32.32551744097098
32.27924861823197
32.18402139935976
32.0378133745122
31.83762974090831
31.579351636838048
31.257528881529325
30.86510799327591
30.39308843760691
29.830108817150354
29.161987580435717
28.371293142946467
27.437117022292348
26.33539504593409
25.040368420546667
23.528000763692702
21.78200658099697
19.8018241645427
5.46225578311693
8.739609252987089
11.776590423019329
14.52000561176878
16.952528336485667
19.082979881410985
20.935266953955264
22.53969866998756
23.92744150515519
25.12753199875969
26.165583933752554
27.063473383554996
27.839519659271097
28.508875582338607
29.08397230671215
29.574943191358106
29.989995187155987
30.335718822345335
30.61733845973938
30.838908673283704
31.003463529100664
31.113124968616102
31.16917525794586
31.17209701573031
31.121582855936342
31.01651527262548
30.85491611676454
30.6338639826753
30.34937727444313
29.99626115829871
29.56791898935168
29.056134887496636
28.45084693371372
27.739954674299685
26.90924659517479
25.94259880087419
24.822683034643095
23.53250119077434
22.058044465424537
20.39207633888744
18.538251217170398
4.900329418092186
7.840527068947499
10.605016550195037
13.149580867013343
15.452809740334263
17.512087329549907
19.337650624979343
20.947023773823577
22.360812328189088
23.599957789696077
24.684166965167265
25.631152490438353
26.4563758117209
27.173071779077766
27.79241237887526
28.323724558990595
28.77471493004101
29.151677307189665
29.459672432727707
29.702676461896985
29.883698382513455
30.00486803746773
30.06749677362179
30.072112508394632
30.018470517484257
29.90554071876671
29.731471837568176
29.493532798904564
29.188032320274836
28.81021948817904
28.3541719186364
27.81268518960664
27.177189356191015
26.437737588146614
25.583139762839096
24.60134855163401
23.480237101223512
22.208908842702147
20.779599568547248
19.19000309214512
17.445457356495563
4.448220659110092
7.117153054576147
9.653367841882869
12.020491565860308
14.19704242841489
16.174909071623016
17.95622444275723
19.549933472326916
20.968826244289385
22.227319866894604
23.339973647025985
24.32059380157084
25.181759318372567
25.93462334366709
26.588880871024653
27.152827736004443
27.63346266715519
28.036603043981877
28.366997502430422
28.62842635941585
28.82378550194695
28.955152025482462
29.023831291044747
29.030385727109483
28.97464598720676
28.855705247755118
28.67189771620027
28.420763055459165
28.098999719926297
27.702412555852984
27.22586400774679
26.663244596431507
26.007487713615195
25.25066655956273
24.38422631669378
23.39941854187765
22.288007976177706
21.04329751050991
19.661441874146174
18.142879104860878
16.493526458964435
4.079060405269332
6.526496648430933
8.870810196991577
11.081975126246176
13.139959335982041
15.034282085933532
16.76240460228593
18.327659428645855
19.737239309976623
21.00052178681705
22.127813954740738
23.129489750734358
24.015444316836582
24.7947814065146
25.475660025887912
26.065242847196924
26.569704958955253
26.994274699524844
27.34328817397814
27.62024597177879
27.827865240772095
27.968123271871335
28.042290638369433
28.050953122197633
27.99402245688416
27.870736569251257
27.67965072442016
27.418621987202496
27.084790948508957
26.674567007942954
26.183626960440264
25.606941475120856
24.938850342627013
24.173214620133482
23.303680402819126
22.32409132331268
21.229078751390258
20.014831349285906
18.679991312919654
17.226544994420514
15.660495449473196
3.7743518355996297
6.038962936959408
8.221401171506066
10.296639406277114
12.246537703486009
14.059855334021163
15.73145245200992
17.261060330220822
18.65194978040429
19.909714015928486
21.041270634678977
22.05410693010267
22.955746792057028
23.753397940016484
24.45373497918137
25.062778668320707
25.58583962233795
26.02750262158972
26.391634522594316
26.68140411337337
26.89930621792256
27.047185183297774
27.126254868804043
27.137113666869325
27.07975414932298
26.95356784838602
26.75734662546369
26.489283220853817
26.14697507938955
25.727437567386772
25.227135351357713
24.642044001380352
23.967757562021195
23.19966117589318
22.333189351488773
21.364187597498585
20.28938435710102
19.106957822620235
17.81714703410149
16.422814110681713
14.929831009710648
3.5210013077370137
5.633602092379222
7.6791921459034125
9.636643624006073
11.4896967378277
13.227149094846606
14.842489541729888
16.333179660067213
17.69978546576012
18.945113862106457
20.073447638259537
21.089920543277398
22.000037981629628
22.809328582689055
23.523103282893857
24.146297224975903
24.683372240909698
25.13826164233798
25.51434318188316
25.81442974165416
26.040770334710775
26.195056375062588
26.278429987152823
26.29149252762783
26.23431262562776
26.106434049979764
25.90688470866481
25.63418919182423
25.286388581266188
24.86107283130547
24.355432876661336
23.76634161744721
23.090474728595748
22.324483170325195
21.465228230122964
20.51008535845199
19.457313257235153
18.30646855031129
17.058824890480583
15.717733404766705
14.288848549787915
3.3095324868751743
5.2952519790002786
7.225121695836405
9.08104620616063
10.848456529146548
12.516554766011335
14.078176960227859
15.529383302817603
16.868898560748594
18.097508328789207
19.217485513311004
20.232089623476355
21.145156008875112
21.960775126616387
22.683052345147697
23.315934708214844
23.86309047443766
24.327828525433414
24.713046821421862
25.02120133713483
25.25428900469717
25.41383999558836
25.500916177620265
25.516113831366937
25.459569776086138
25.33097101774434
25.12956896789168
24.854200257006497
24.503317223032294
24.075032300384876
23.56718170700087
22.97741486360415
22.30331656502723
21.542568547110076
20.693155040628888
19.753612349334404
18.72331476343816
17.602778231248355
16.393950573057985
15.10044606840653
13.727678244005936
3.132969775623763
5.0127516409980215
6.844996452401567
8.613962975805842
10.306528406770369
11.912436480038972
13.424280230597189
14.837278030500322
16.148917145928973
17.358535379319036
18.466896463072707
19.47579642881983
20.387721304178672
21.205563570175418
21.93239626330686
22.57129878875709
23.125226423667627
23.59691516402525
23.988814241737405
24.30303978127781
24.541344351874688
24.705098425499692
24.795280896903552
24.8124768446663
24.75688163013846
24.628311277550832
24.42621988867813
24.149725645798817
23.79764775398465
23.368557440703857
22.860846787844178
22.272819565418448
21.602808121260384
20.84931941290291
20.011211036372824
19.087894235222397
18.079555216316113
16.98737903854344
15.813753102428642
14.562422052101041
13.238565501910038
2.986117723161331
4.77778835705813
6.528149497091675
8.223280838050012
9.85125764228222
11.402382517001296
12.869229451877201
14.246531442943395
15.530956613463031
16.720819579828277
17.81576853121069
18.816478324946555
19.72436920926291
20.541361587040456
21.269670349608283
21.911637760318616
22.46960126794683
22.945791465773674
23.342255200748607
23.66079919489897
23.902950196567538
24.069928458182144
24.1626321403824
24.181631020813022
24.12716862280748
23.999172574197335
23.79727366402198
23.52083468407051
23.168990706939717
22.740702921127316
22.234828438766698
21.650208489463726
20.985776942175146
20.24068994733225
19.41447545718087
18.507198339288234
17.51963282845895
16.4534296045542
15.311260746359176
14.096923535978268
12.815385032707518
2.8650841044228326
4.584134567076532
6.266532340987301
7.899753237185396
9.472838807506408
10.976606494039368
12.403723617231915
13.748661676229473
15.007558285478229
16.178017795676098
17.258879757378555
18.249979130902286
19.15191562132005
19.96584321957214
20.693285788245255
21.335980635459602
21.895749422542035
22.37439423090396
22.773615901127645
23.094951601556403
23.339728781877785
23.509033070849224
23.603688186205787
23.624246475973237
23.57098926665857
23.44393673298445
23.242867509713072
22.96734872008613
22.616777469132273
22.190435098644063
21.687555557163645
21.107409012011626
20.449401211144227
19.71318797755106
18.898802506190385
18.00679083672827
17.038348154090507
15.995445805242541
14.880936742835512
13.698626313076423
12.453296648251294
2.76695841620981
4.427133465935697
6.054092062729759
7.636360962367788
9.16373785672372
10.627481034657238
12.020396847054439
13.336833359569495
14.572597056880648
15.7248135603855
16.791753572119752
17.772642820385528
18.667470925989694
19.47680988215318
20.201648948833135
20.843249571244417
21.403021556387536
21.882420134718068
22.282862571860818
22.60566252889193
22.851980259118008
23.02278685771825
23.118841058210084
23.140677430809873
23.08860523546357
22.962717581961172
22.76291092234761
22.48891521800983
22.14033535143142
21.716704447714083
21.217549679779882
20.64247079080713
19.991230913353792
19.263858246032523
18.460755753775068
17.58281434779437
16.63152314635766
15.609068719888665
14.518414107034369
13.363348325581423
12.148498477801295
2.689593011141694
4.303348817826711
5.8863414817654
7.427860693006009
8.91827062257311
10.349182941056196
11.71354937703804
13.005677858425406
14.22118302243323
15.356885817239881
16.410678150732892
17.381367652961394
18.268515380556828
19.072276434698654
19.79325055419282
20.432347144820817
20.990667097587274
21.469402180277726
21.86975172327739
22.192855683616028
22.439742868577053
22.61129304329589
22.70821175871152
22.731016954200204
22.680036663032478
22.555417437654675
22.35714338030746
22.085065878768386
21.738944271454603
21.31849766157462
20.823467923994652
20.25369355862741
19.609193405957498
18.890258339956432
18.09754791556732
17.232187654776983
16.295861364092012
15.290891821327719
14.220302640210688
13.087854404762044
11.898049458874585
2.6314545703535335
4.210327312565654
5.7600643536384295
7.270469705494223
8.732300999719481
10.137430730205022
11.478939861899441
12.75114567497775
13.949571357536287
15.0708685357882
16.112705561020345
17.07363426060811
17.952946509041638
18.750529922380302
19.46672968892977
20.10222135679037
20.65789750941321
21.134769766094745
21.533886457935715
21.85626561431044
22.10284248888068
22.274430688786406
22.371695979754538
22.39514196486414
22.345107025428806
22.221772125932777
22.0251792830697
21.755260645905206
21.411878194638255
20.99487400371783
20.50413079656547
19.93964211430311
19.301590812426866
18.590433792782612
17.80698991425272
16.95252699212205
16.028842834347476
15.038334561533572
13.984050228103383
12.869717194735411
11.69974290430492
2.591525942841557
4.146441508546491
5.673118914869058
7.161652775791099
8.603032940820508
9.989299118395918
11.313633665662895
12.570393622369735
13.755088197298491
14.864311407740084
15.895641297365831
16.847517319850937
17.719106473089692
18.51016705734422
19.220916922871446
19.8519110845343
20.40393181773578
20.87789291732421
21.274758728646503
21.595477827407596
21.840930784456784
22.011891243829872
22.108999507276447
22.13274790069601
22.08347734850899
21.961384758198783
21.76654098074962
21.498919227753714
21.15843385807522
20.7449893626811
20.258539144820418
19.69915329015058
19.067093937203744
18.3628961050135
17.58745095703542
16.742087565583194
15.828648420088177
14.849553362773673
13.807846516322178
12.707221242128556
11.55201931102596
2.569246165007855
4.110793864012568
5.624317021641265
7.099989542159279
8.52887886959115
9.903099137146974
11.21590206027333
12.461706951860679
13.636076401901503
14.735647600892845
15.758030901266915
16.70168724878336
17.565795006591795
18.350114911530042
19.05485986119494
19.680574241277853
20.22802576022844
20.69811135739344
21.09177771250647
21.409956182816757
21.653511578318877
21.823203995417096
21.91966290544768
21.943372782759326
21.894669710337386
21.7737485782266
21.58068065459444
21.315441426895926
20.97794864782951
20.568110444700856
20.08588313046043
19.53133796483468
18.90473554176521
18.20660573355291
17.43783024379035
16.599723893560732
15.69410991809564
14.723383953569956
13.690561232672666
12.599301946789037
11.453910860717308
2.564481725598254
4.103170760957207
5.6133657656647715
7.085109501791725
8.509393858452796
9.878316500578451
11.185168486708724
12.424455723218015
13.591862857906559
14.684171693046714
15.69914745843926
16.635405767865695
17.49227139343245
18.26963772148227
18.967833369616255
19.587500259690344
20.129485625062
20.594749040086526
20.984284581755414
21.299057613632318
21.539955351192905
21.707750254687312
21.803075336958212
21.826410615179203
21.778080132477786
21.658259190396684
21.466991633121882
21.204217178015256
20.869808862245893
20.463620638420448
19.985544968059905
19.435579897520388
18.81390453200904
18.120961044161614
17.35754039150888
16.524867847245908
15.624683405609582
14.659311301155784
13.631712514397835
12.545514451994885
11.405013138177168
2.5775260554092743
4.124041688654839
5.640865778408199
7.117688841066532
8.54527056206281
9.915604520253938
11.221999663048408
12.459084596712993
13.622747613809281
14.71002885532846
15.718981471987536
16.64851697124552
17.498247078254067
18.268331211838824
18.95933563660856
19.57210780333691
20.107667440792877
20.56711459670181
20.951553961377105
21.262034339356905
21.499501958735447
21.664766335790684
21.758477573133284
21.78111420913866
21.73298101461524
21.614216418375616
21.424809510091716
21.16462679040094
20.83344898531261
20.43101827925785
19.95709620640715
19.411532125730602
18.794341645123488
18.105793520089865
17.3465024313296
16.51752369877218
15.620444556382818
14.657465331459846
13.63146307215275
12.546030208969427
11.405482008154024
2.6091275999654377
4.174604159944701
5.708366818383806
7.199509522177131
8.638395028687643
10.016831355570838
11.328141048796898
12.567135387088252
13.730014145632971
14.814214642844682
15.818232603340377
16.741433567305748
17.583868736956322
18.34610441149134
19.029070162145377
19.633927876779282
20.16196173861246
20.614487945108543
20.99278232826605
21.298023824266267
21.531251809194316
21.69333555720695
21.784954411250677
21.806587634234535
21.75851329907672
21.640815959004424
21.45340319906949
21.196031488778406
20.868342009930835
20.46990728746481
20.000289453140276
19.45911075441557
18.84613640319066
18.161368960251032
17.405152115431786
16.57827996059091
15.682105790124576
14.71864239655566
13.690644234162681
12.601661303924498
11.456055730840452
2.6605503330453466
4.256880532872555
5.818487813139332
7.3335874007404716
8.79196867514485
10.185184824784283
11.506597789752888
12.751301757515321
13.915958939125995
14.998582967443122
15.998300731618142
16.915115958102295
17.74968989122101
18.503147535495206
19.17691272419445
19.772571803534333
20.291763692298883
20.73609311739942
21.107063582871525
21.40602682081854
21.634145897148613
21.792369673179184
21.881416881019756
21.901768618066406
21.853668589047192
21.73713092008818
21.551955838991358
21.29775395629356
20.973980278739752
20.57997940809135
20.115043564821274
19.57848503613297
18.969724253487257
18.288393802786985
17.53445711002935
16.708338238485503
15.811056247394312
14.844354230874275
13.810810164388291
12.713915042066251
11.558104583696592
2.7336748909099224
4.373879825455877
5.97511650069082
7.524383592665657
9.010707446566222
10.425341478901116
11.761763528180056
13.015514914390572
14.18393688623929
15.265857556539368
16.261271397970127
17.1710396426738
17.99662733476424
18.739883115530983
19.40286139608095
19.987682921361998
20.49642811016399
20.931057249848674
21.293352065545328
21.58487397954217
21.806935285965885
21.960580357911706
22.046574822157744
22.065401368541455
22.01726151953495
21.902083293885163
21.719535281085292
21.469048219229304
21.14984574119917
20.76098650188458
20.301420362452557
19.770061572324813
19.165881772338423
18.488024887861336
17.73594428387327
16.909559636364982
16.00942673050614
15.03690811554615
13.994327150809845
12.885084116586716
11.71371283326065
2.8311546109011667
4.529847377441867
6.183714771628088
7.7781230228243095
9.301136039745392
10.74371011629818
12.099599929931228
13.365057485913498
14.538416135216353
15.619638974847952
16.60988766141895
17.51114388025346
18.32589669004978
19.0568961962242
19.70696682369745
20.278870376148326
20.775208577642747
21.198355706797088
21.55041345044291
21.83318174637362
22.048140909804477
22.196441650894013
22.278900681712518
22.29600051496352
22.24789282722293
22.134405455387153
21.955053772786147
21.7090578988837
21.395367965479178
21.012700496320875
20.5595898112927
20.03445911887392
19.435716376162464
18.76187969291057
18.01173550168121
17.184529293017018
16.28018292311765
15.299524350367886
14.244506207065331
13.11838144052941
11.925801309572192
2.9566501886687835
4.730640301870054
6.451772185675617
8.103257687410458
9.672003573476681
11.148763016829637
12.527868589577764
13.806698964389412
14.985031194166174
16.064394546545447
17.047496392958042
17.937751527249265
18.73891934935781
19.454838156040324
20.08923932677749
20.645623182350082
21.127180117936547
21.536743549743132
21.876764283556973
22.149298646216607
22.356004956504396
22.498144654673673
22.576585739365377
22.591807182909996
22.543903819539082
22.432591928185417
22.257216456315515
22.01676163856125
21.70986772602598
21.334857707130052
20.88977926801448
20.37246871619285
19.780644920988394
19.112042006381177
18.36458873734867
17.53663911130806
16.627251318960933
15.636500156099844
14.56579188688633
13.41813412919895
12.198303753817227
3.115182159860731
4.9842914557771705
6.789475981907978
8.51113196780979
10.134857550095681
11.651469788169571
13.056412447392843
14.348838588159776
15.530615130799573
16.60541162452109
17.577951836954195
18.453446486786305
19.237191024472015
19.934297752201932
20.549529145440722
21.08720290897342
21.551145162460895
21.94467409114597
22.27060148830095
22.53124359891694
22.72843561581621
22.86354627243031
22.937490438668732
22.950738658277555
22.90332334034366
22.794841982003774
22.624458486229358
22.39090447351421
22.092483593420226
21.727083338636135
21.292200837908226
20.784991557347368
20.202352585654907
19.54105467469832
18.797938330427183
17.97018709628878
17.055683085680077
16.053433068523393
14.964027055496391
13.790059435852749
12.536417668957043
3.313667112217585
5.301867379548137
7.210708318476595
9.016936651960895
10.704824871090633
12.265846138551526
13.697472823882366
15.001627810301288
16.18317911662015
17.248684984077915
18.205452843866865
19.060891558806805
19.82210050989925
20.49563268323079
21.0873765942035
21.602514146051313
22.045523532211238
22.420206164515115
22.729723980031075
22.976638645790327
23.162947635876943
23.290114381031987
23.35909108507489
23.370333671663015
23.32380890202955
23.218994173730266
23.054871033553983
22.829914176310727
22.54207883596211
22.188791216534646
21.766949188072836
21.272944090059042
20.702719189997065
20.051885776725936
19.315922813751747
18.49048785809995
17.57186085928731
16.557521977136037
15.446823831019298
14.2416588900311
12.946962627301001
3.561751644871204
5.698802631793927
7.734553260589124
9.641081450592925
11.401659143906896
13.009617071241545
14.466004899486624
15.77702071276973
16.95178854155187
18.000696351575822
18.93428299592193
19.762566394988223
20.494686773419588
21.138755876968215
21.701830402457066
22.189953549197703
22.608228656211498
22.960903055077793
23.251449621933677
23.48263936876069
23.656601901300498
23.7748725311823
23.83842584937588
23.847696041711917
23.80258442282326
23.702454777774157
23.546117298382672
23.33180236264474
23.057126358008297
22.719053503884645
22.313860608196624
21.837116425214617
21.283694307931043
20.64784642882475
19.92337929010613
19.10398066340682
18.18375051654945
17.157970150010577
16.0240874016891
14.782789666204753
13.438899696549775
3.873148901396284
6.197038242234054
8.387620641584652
10.411176746030836
12.251113182842484
13.904958103184622
15.379908990239132
16.68866159994752
17.84625798547146
18.86802888500159
19.76841639352631
20.56040425209244
21.2553243121278
21.86287364908666
22.391235589794878
22.84724099242052
23.23653448872103
23.56372777802345
23.832532084247017
24.04586730640799
24.205948069778138
24.31434799342172
24.372043739938547
24.379440223391338
24.336377970183346
24.24212321656492
24.095341019959335
23.894051618274162
23.63557072993244
23.316435833182158
22.932323315988448
22.477966695035207
21.94709518803921
21.332426340874054
20.625767254764693
19.818304989179314
18.901190393783587
17.866520704939973
16.708765959774784
15.426512676781778
14.02410243343798
4.26786299638864
6.828580794221825
9.207714317567508
11.364891709208294
13.286658738374308
14.97919316856328
16.460011358506364
17.751458711498334
18.87655291559271
19.856744809659055
20.71094944133314
21.45530990798794
22.103332574188663
22.66617881774644
23.152997315519396
23.57124034228486
23.92694052855607
24.22494148438508
24.469083630968544
24.662349703198867
24.80697507834078
24.90452763315073
24.95596089393099
24.9616431420988
24.92136401832129
24.834319098708896
24.699071946978908
24.513492360919315
24.274669110618827
23.97879578326983
23.62103012787826
23.195331851227454
22.69429340863463
22.108996492173564
21.42895839919203
20.642281645040516
19.736185364728506
18.698156316437352
17.51794305591721
16.19039264792024
14.718538770836581
4.776067262969282
7.641707620750852
10.249764125328955
12.55401703495388
14.551436892995845
16.265144474319342
17.729484563874564
18.980608972114396
20.05175015592675
20.971447996909948
21.76332665437604
22.446553364569084
23.03651725913793
23.545511732449462
23.98333451252177
24.35778253292465
24.675045799124316
24.940014000291963
25.156511252350413
25.327472797391653
25.45507490755402
25.540826567231917
25.585629060860985
25.589807433078104
25.55311586262063
25.47471721329588
25.353135308651044
25.186176768124643
24.970817568668043
24.70304806170831
24.377669561328197
23.98803717365409
23.525750103380982
22.980307820265555
22.338788205049568
21.585677827309624
20.703113103886263
19.67197614038273
18.474457299739996
17.098576088332603
15.544160080302367
5.445261437831283
8.712418300530054
11.595617528107615
14.049975412363542
16.09992732443371
17.80046327195797
19.212173450688375
20.389742457303594
21.378390739250495
22.213970367852728
22.924355814880414
23.531059636975638
24.050671365557825
24.49601634061624
24.877046469428482
25.201509478012053
25.47544613497751
25.70355746556851
25.88947458101644
26.03595532673577
26.145025187528592
26.218074667642167
26.255921349485465
26.258841667015684
26.226574786071012
26.158298583485706
26.052575306485405
25.90726183453759
25.719376334493575
25.484909333834985
25.19856288233358
24.853397178933815
24.440362011215395
23.947696480694443
23.360208773657174
22.65852835547719
21.818613083327293
20.812177841657604
19.60933391450428
18.185294325530506
16.532085750482278
6.35442913466864
10.167086615469826
13.370312274261916
15.95033976202733
17.99783372050002
19.62460783848677
20.929003509727142
21.987796667283913
22.85809997605423
23.581686920517388
24.18906660047601
24.70265800306484
25.139092225681267
25.510835795218433
25.82732554676186
26.095762774923557
26.321671797418322
26.509295146207652
26.66187427963608
26.781848741236036
26.870995848415767
26.930525566558934
26.961140002661132
26.963063099667295
26.936043031401248
26.879327028328888
26.79160549950384
26.67091892928057
26.51451660116391
26.318650057030215
26.07827545545769
25.78662664874637
25.434604282059414
25.009907317838938
24.495822053598076
23.869613737795902
23.100633032459264
22.148788228576585
20.96540619123805
19.50118154894002
17.728346862672748
7.644491720281548
12.231186752450478
15.768205191486471
18.383237641039106
20.316459957118862
21.771130851839754
22.89143608253813
23.774340726149852
24.48452557727441
25.065610737805578
25.547565663569614
25.951413549263417
26.29220373902918
26.580909067967184
26.82565714763685
27.032544277668364
27.20618313373671
27.350077042384935
27.46687865026591
27.55856951034199
27.626583898527965
27.671891747707452
27.695049995125117
27.69622769778424
27.675207211730964
27.631360999117213
27.56360073411151
27.470291782105853
27.349121084037215
27.196898837846618
27.009262233898543
26.780229678707453
26.50152115060418
26.161506455164698
25.743558385254236
25.223471509795406
24.56551708027549
23.71693584908098
22.602321073051705
21.125678816429506
19.20516256039046
9.590602176617546
15.344963482588076
19.08808409822734
21.49794565356548
23.113637615146907
24.252019529273984
25.091269242502804
25.733604577577836
26.240050869170556
26.648664789950793
26.984171766830357
27.263226791493505
27.49740011331454
27.69493959009976
27.861849698270788
28.00257405450202
28.120439417605287
28.217951239463385
28.296993768837908
28.35896675147817
28.404878487789027
28.435407530761918
28.450940532492954
28.451590484759482
28.437197118767088
28.40730902244294
28.36114465586344
28.297526381136763
28.214777115172936
28.11056197655822
27.981644963716874
27.823508681711385
27.629744186611497
27.391038967082977
27.093433522575044
26.71519683596656
26.221027929870747
25.55111701451801
24.601263435549242
23.19405008341949
21.0855000758359
12.793738064420639
20.469980903073026
23.741222065291442
25.406823259876496
26.388125320663075
27.03204040764585
27.488016780666122
27.828757472538324
28.093408531934497
28.30482578605687
28.47722982237243
28.619921736635085
28.73923033270917
28.839599480923898
28.924228000925474
28.995462824547833
29.05504924280614
29.10429472911516
29.144178434236146
29.17542523903766
29.19855577048343
29.213919355154864
29.221714119422597
29.22199659009144
29.214681756232746
29.199533316121496
29.176142485859213
29.143891971500437
29.101899019053743
29.048926989588765
28.983246962789423
28.902415897897242
28.80290794713209
28.67947170406213
28.523939902074314
28.322854381699145
28.052280788792864
27.66524084363667
27.057565571268686
25.96375800591943
23.603416369017662
30
30
30
30
30
30
30
30
30
30
30
30
30
30
30
30
30
30
30
30
30
30
30
30
30
30
30
30
30
30
30
30
30
30
30
30
30
30
30
30
30
