40
40
40
40
40
40
40
40
40
40
40
40
40
40
40
40
40
40
40
40
40
40
40
40
40
40
40
40
40
40
40
40
40
40
40
40
40
40
40
40
40
17.025148170895022
27.240237073432038
31.58223290660275
33.78370684583
35.07319947774437
35.91334308585789
36.503480779295295
36.94062424378645
37.2770376816256
37.543259876414766
37.7583106470136
37.93464508230296
38.08074979645175
38.2025928035847
38.304476821270484
38.38956366383488
38.4602081174198
38.51817660609434
38.564793430096245
38.60103974573617
38.62762048363038
38.64500849542207
38.65347153405076
38.653085200850185
38.64373313726297
38.62509409188234
38.5966136990031
38.55745644033002
38.50642967989452
38.44186570751984
38.36143713556501
38.261861028792744
38.13840723607096
37.98404130947091
37.78783737321374
37.53181137600078
37.18400735050732
36.68174047345345
35.88606811858198
34.44294025658873
31.311763869626116
12.720997050871683
20.353595281394693
25.305026187866485
28.479443745952867
30.59580680341527
32.07676075945648
33.16003404313224
33.98206604877832
34.62436308025673
35.13779621615974
35.55545082623706
35.899640801362175
36.18588946529138
36.42527951469551
36.62589196524017
36.793716546392716
36.93324414232736
37.0478613431533
37.14011775194208
37.211908747937436
37.26460003291847
37.29911031963182
37.31596215908918
37.31530655700356
37.29692372652878
37.260199386169695
37.204072845235864
37.126949037197754
37.02656065415901
36.8997568890279
36.74217884911955
36.547752347134015
36.30787417893789
36.0100625992416
35.63563262588131
35.15552992061542
34.52259951460575
33.657000736129305
32.41969796238073
30.574026751597284
27.794569774179347
10.09261048167364
16.148176770677825
20.804909541665484
24.23333234006925
26.753940516029044
28.637996028088153
30.077984613638918
31.203417357276763
32.10074472748302
32.828320512302874
33.42628133620258
33.92281891724169
34.3381432890888
34.68701282887265
34.98037640339339
35.22645916825307
35.43149351056848
35.60021884000883
35.73622726437783
35.84220380929287
35.920092233878066
35.97120626420881
35.996298617441035
35.995594940481006
35.96879571492023
35.91504554346123
35.83286538191388
35.72003849096636
35.573434163589326
35.38874310212274
35.16008214271354
34.87939959787797
34.535568769155326
34.112985348522166
33.58937140994731
32.93233365031718
32.09410322317288
31.004192912003752
29.561908024427225
27.63909383760669
25.12644894327881
8.338547051437848
13.341675282300557
17.53321736252391
20.89518059706198
23.54880191623968
25.643502551188217
27.31072386561889
28.653134487125232
29.74716500606698
30.648772299952803
31.398871891992968
32.02757001133222
32.557233284695585
33.004653539878326
33.38256161785386
33.70068708586456
33.966503977477565
34.185758787465545
34.362845856616836
34.50107399616728
34.60285375125956
34.669824806609924
34.70293608373153
34.7024859501993
34.668125861613134
34.59882707248845
34.492806240590035
34.34740124122905
34.15888261349047
33.92217787447818
33.63047428369708
33.27464918508772
32.842455035710316
32.3173610313154
31.676938125716557
30.890714288152328
29.91764969825859
28.704099783316032
27.184963424135095
25.294282365054006
22.994802150049097
7.091794050640896
11.346870481025434
15.091255587859612
18.265562762545102
20.902815683298577
23.07675886810764
24.86858202524121
26.35157648003196
27.58638847861337
28.621145492886573
29.493309753789063
30.231832185362514
30.859071086080743
31.39233781166111
31.8450853611328
32.22780187830416
32.54867496166855
32.814082728358194
33.02895505879006
33.19703722671025
33.32107910746711
33.402966206744075
33.44380341054558
33.44395814451548
33.4030661167774
33.31999962881131
33.1927952356048
33.01853400046811
32.79316342391949
32.511245112851526
32.16560645718752
31.74686886219886
31.242822382752834
30.6376247758604
29.910840703380142
29.036444305862755
27.982161853730247
26.71004332171947
25.179981870572107
23.35865489916235
21.235140817420316
6.16430868143919
9.862893890302704
13.219559433896258
16.173236943901525
18.720426099220553
20.892470163527303
22.73565057653926
24.298627876321955
25.626137484309112
26.75662376446335
27.721941559419836
28.5479676525577
29.25550618538386
29.86119931845902
30.378328579813488
30.817476262245826
31.187052357924077
31.493705265181653
31.742636688665193
31.937839082488978
32.0822705613744
32.17797865189264
32.226181007324875
32.22730834298787
32.181012295532454
32.086138552615054
31.940663323475736
31.741588954815438
31.484792276031
31.164817355948596
30.774603543391144
30.305141743270493
29.74506063974688
29.08016744356897
28.293018056754775
27.362690256313
26.26510495524792
24.974487329727502
23.466783912861974
21.725691138043523
19.750628307312294
5.450624598943334
8.720999358309335
11.751073974495784
14.487681544593054
16.913521980191106
19.037442473193295
20.883375051415587
22.48165346559103
23.863468045083557
25.057878309209343
26.090520058089844
26.983290334087645
27.7545282877261
28.41940537345307
28.990370099640867
29.47757183388142
29.889232127930473
30.23195464667919
30.51097537459062
30.730358947374363
30.893147894211452
31.00147098827293
31.056615669833803
31.059068054267797
31.008522561516614
30.90386179407979
30.743106013624256
30.523330533807375
30.240548799604536
29.889559359102666
29.463757316059255
28.95491693794488
28.352964890563946
27.645787786638618
26.819159710327682
25.85694095209307
24.74178609011527
23.456678569158544
21.987589922863986
20.327262832172543
18.479329847429586
4.887244917535075
7.819591868056121
10.576311821601719
13.113217907863424
15.408929540085413
17.46086002248437
19.27927482956928
20.88172582153124
22.288845384715042
23.521600872108223
24.599723858748728
25.54095056948265
26.36076476887618
27.07242226819674
27.687114576662694
28.214186651054487
28.661361527244985
29.03494779847355
29.3400192808061
29.580563448466012
29.759598809786894
29.879262893031225
29.940872865731205
29.944960578956064
29.89128334003513
29.77881118883183
29.605691062789454
29.36918819634047
29.065605728233162
28.69018529988676
28.236995244961996
27.698820057934263
27.06707695240294
26.331804548500447
25.481796522331017
24.50498775521863
23.38923208401595
22.123612185020527
20.700341731362986
19.117091138197825
17.37917376199802
4.43376351624194
7.094021625987104
9.621651815699515
11.980313914963695
14.148558932899416
16.11830771387393
17.891724677511466
19.477785374569784
20.889309538316493
22.140742840331818
23.24667195404822
24.220929159991563
25.07611810568868
25.823415097535705
26.472536700018825
27.03179864684197
27.508217814917103
27.907627912133805
28.234792019729976
28.493502961030963
28.686667142322428
28.81637015067646
28.883923778408708
28.889894800308504
28.83411611466759
28.715681032689076
28.53292178637617
28.283373960898164
27.96372984665455
27.569786063782438
27.096394800655947
26.537434331890857
25.885823860543017
25.133620510910067
24.272251564541094
23.29294892198212
22.187455988739515
20.949052723629922
19.573869416126893
18.06231825115864
16.420289319235128
4.063319757104326
6.501311611366923
8.836278421667942
11.038230503077617
13.087171475221325
14.972655659044035
16.692178547198388
18.24910602200535
19.650663110004608
20.906258450918024
22.02622893647072
23.020976881218065
23.900424276169122
24.673700091110536
25.348986818143942
25.93346879421195
26.43334086740332
26.853849154098732
27.19934548711591
27.473344072647926
27.678573511718593
27.817020340739965
27.889962135268696
27.89798940941537
27.84101634075986
27.718281002875123
27.528336510060196
27.269035487356522
26.9375118144403
26.530165934486178
26.0426634757569
25.46996177394591
24.80638517137466
24.04577722202608
23.18176453096899
22.208169329420226
21.11959975742795
19.912219509214886
18.5846441711371
17.138831947261487
15.58075631569226
3.757424732437796
6.011879571900474
8.184266555628914
10.249597522017389
12.189770945508462
13.993583800947995
15.655933091773619
17.1765859423815
18.55884787932971
19.80834555927759
20.93202862215401
21.93741487794042
22.832057089211983
23.62319009244856
24.3175137490939
24.921072115601252
25.439197055831684
25.876492468182903
26.236842122400883
26.523429449600915
26.738761590243097
26.884692833763786
26.962444569528888
26.972620278834956
26.915215161783923
26.789620908408896
26.594627067174237
26.328421603958894
25.988594746500656
25.572152229593758
25.0755467113869
24.494739423521438
23.82530779782221
23.062618154403282
22.202084042575507
21.239527956481226
20.17165335862476
18.996611591349296
17.71461307943415
16.328489672287382
14.844081520261259
3.502992114719094
5.60478738355055
7.639683645329819
9.586594518411188
11.429301081722242
13.156641056979435
14.762142495806227
16.243305123287723
17.600731889328024
18.837265278427495
19.957222170117298
20.965768780804154
21.86844123340613
22.670797007795777
23.378173911197024
23.99553187336455
24.52735533360124
24.977597943739646
25.3496554508328
25.646356316164436
25.869962656606834
26.02217646413127
26.104147874612092
26.116483658877552
26.05925524235661
25.93200656177692
25.733763064320456
25.463044260497874
25.11788355365871
24.695860650886956
24.19415371088612
23.609620378727456
22.938918654608145
22.178679472991725
21.32574182233766
20.377456667321905
19.332056132267084
18.1890682746067
16.94973630260223
15.6173791385117
14.197617398647
3.2905522404402805
5.2648835847044495
7.183482901892973
9.028298459101995
10.784804346878122
12.442244943631303
13.993497611717089
15.434662742344825
16.76450402796189
17.98384456307309
19.09499318257677
20.101243613619264
21.006463580573822
21.81477394666456
22.530308399994148
23.15704010784435
23.698661155147676
24.15850186045178
24.539479148664366
24.844065413719246
25.074271398109758
25.231638421639406
25.317236795526576
25.33166850645925
25.275073320759546
25.147138421347655
24.947112626288703
24.673827212537415
24.325726425557097
23.900911900003408
23.397206388916093
22.812243235426894
22.143588606613328
21.388903132774537
20.546147543297995
19.61383233587688
18.59130379006164
17.479047747458164
16.278979942254995
14.99468071274911
13.631527920681009
3.1131354988398443
4.981016798143751
6.801484089858942
8.558841804514383
10.240012147071148
11.834783031759665
13.335790671622089
14.738295447739024
16.039825303251398
17.23975722766016
18.338892498525148
19.339062905123892
20.24278830658557
21.05299295819723
21.772779490374862
22.405254607286484
22.95339848446903
23.419969519410362
23.80743676203616
24.117933494816434
24.353226718755703
24.514698555776814
24.603336723954456
24.619732264733454
24.56408361913406
24.436206996302978
24.235553787834153
23.961236581596673
23.61206612605491
23.186602362973712
22.683223303480865
22.100215916573802
21.435893084161567
20.68873970857668
19.85758882699469
18.941824715747543
17.94160431067798
16.858081209299673
15.693609282294185
14.451897705336815
13.138088823033469
2.9655517041519492
4.744882726643119
6.483031841179905
8.166126091801749
9.782287410782615
11.321864214727542
12.777475264322977
14.143897114458719
15.417840066045633
16.597659368261944
17.683042140583208
18.674700317193597
19.574089225970575
20.383162216297492
21.104164865225563
21.73946774222718
22.291434113044943
22.76231779891503
23.154186195947613
23.468863817173013
23.707892375139096
23.87250420202444
23.96360660730978
23.981775551491552
23.92725775119062
23.799981025976557
23.599573354721812
23.325391728412654
22.97656245105048
22.55203500906832
22.050651924729713
21.47123700678849
20.812703940124045
20.074186006288915
19.25518569263264
18.355739904605542
17.37659252610024
16.319361614903475
15.18668448294763
13.982321635352047
12.71120148668368
2.8439131423411292
4.550261027745807
6.220087563216331
7.840917301797867
9.401839838032263
10.89371977086962
12.309270508699646
13.643008390794309
14.891114449889978
16.051234864671382
17.122249261120828
18.104030767006872
18.99721519890977
19.802990463383622
20.522912011348218
21.158746289659717
21.712341536010328
22.18552374300998
22.58001490484888
22.897370504190164
23.13893339509399
23.305801641390644
23.398808378766663
23.418512319966243
23.365198078713366
23.238886027108617
23.039351907087095
22.766156870458865
22.418688995731742
21.996217578420946
21.49796154804231
20.923173138635484
20.271237320370947
19.541786374678612
18.73482728257839
17.850877299122462
16.891100365561954
15.857434247219665
14.75269610723772
13.58065343305444
12.346048575504037
2.7453130394104543
4.3925008630567275
6.006606515717938
7.57620658743222
9.091147889356561
10.542736923937845
11.923827162777204
13.22881251646638
14.453543860923219
15.595189582844888
16.652061357734002
17.623423936629276
18.509303861058683
19.310307799863367
20.027457309188534
20.662043625947543
21.21550372904928
21.689317295967875
22.084923219961894
22.40365388682829
22.646685299438968
22.81500126670042
22.909370151126037
22.930333030275992
22.878202524975688
22.753071946816036
22.55483479019028
22.28321491124149
21.937807963659374
21.518134756326383
21.023707106580694
20.4541064224574
19.809074593124535
19.088615748098267
18.29310605095048
17.42340698325316
16.480975719467253
15.467964495851323
14.387299759545334
13.24273182119967
12.038847110181518
2.667606672372708
4.268170675796333
5.838107933654343
7.366758755255813
8.84453720464434
10.263103925465938
11.615458509272603
12.89595545106656
14.100254478561368
15.225219978881805
16.268785478803967
17.22979824580691
18.107856838825214
18.903151580875292
19.61631501568667
20.24828681002371
20.80019545481639
21.273257549962707
21.668694394164145
21.9876649641266
22.231214064788826
22.40023437528255
22.495441227220496
22.517359169827596
22.466319650195068
22.34246942574905
22.145789594489006
21.87612534277773
21.533226634864864
21.11680006373231
20.626571906778445
20.062362039954163
19.424167725724434
18.71225538982337
17.927257363654288
17.070269275981936
16.142942486321825
15.147564897486054
14.087122955297971
12.965337926920474
11.786670842654978
2.6092628239313473
4.174820518290156
5.711380182982693
7.2087969221032235
8.657878726383379
10.050547520301913
11.37993257893699
12.640398184612815
13.827513037182843
14.93797260763561
15.96948725497149
16.920648814309008
17.790787012807186
18.579825017422866
19.288141127865703
19.91644143593252
20.465646382852444
20.936792652028775
21.330950748117804
21.64915789786155
21.892365502035492
22.061400202425084
22.15693763680708
22.179488079861866
22.129393358617392
22.00683464445272
21.811850921753248
21.544368080232992
21.204238638345178
20.791292043435266
20.305395275737432
19.74652307841719
19.114836527358097
18.410767847760678
17.635108420631234
16.789095888754733
15.874495309960556
14.893668604029902
13.849626310240893
12.746056105095615
11.587323731905105
2.569265608883369
4.110824974213391
5.624284277132215
7.099789381703003
8.528380652222712
9.902147380491881
11.214320383096707
12.459303847203145
13.632652634012548
14.731004741101255
15.751980349686422
16.69405904483742
17.556445794107855
18.33893455853366
19.041776402112465
19.6655569778044
20.21108650488995
20.679303919789348
21.07119580993641
21.387730007736685
21.62980328105873
21.798202348869694
21.893577415480436
21.916427499011526
21.867096980247386
21.745782974205735
21.55255329019062
21.287374861097092
20.95015255480036
20.54077819613758
20.059189396513364
19.5054373855303
18.879762454794204
18.182674870425767
17.415038233079255
16.57815134931496
15.673823857216721
14.70444028938999
13.673007137425166
12.58317795588962
11.439252687172383
2.547054485874816
4.075287177399706
5.575632998604101
7.038316945770271
8.454456821915215
9.816216190687033
11.116895077515386
12.350959797297369
13.51401845164459
14.602752075696477
15.614813029471412
16.548702266350862
17.40363600203857
18.179410524162016
18.87627184162168
19.494794883712842
20.03577521657872
20.50013484359694
20.88884261798951
21.202849094315148
21.443035229633292
21.610174154954173
21.70490521363404
21.727719551602753
21.67895669754961
21.558811748413607
21.367352940063217
21.104549500620866
20.77030972106802
20.36452910164513
19.887148212163115
19.338219514448987
18.71798182289788
18.02694033324014
17.265949271275634
16.43629328567914
15.539762861654063
14.578718434658612
13.556137722350597
12.475641232059141
11.341492029144673
2.542495519750683
4.067992831601093
5.565132509155996
7.02400793344089
8.435660886287843
9.792238005387688
11.087078211960254
12.31473397919386
13.4709350451147
14.55250665067893
15.557255644324254
16.483837277022484
17.331613822956434
18.10051389009297
18.790898900758467
19.403441037608797
19.939015133759998
20.398605595529833
20.783228468093313
21.093868134575303
21.33142780801024
21.496692862566597
21.59030609170174
21.612754122398144
21.564364411583444
21.44531246577898
21.255639124947898
20.99527790507484
20.664092469218165
20.261924259833656
19.788650141068832
19.244249535430644
18.628879970237094
17.94295917003435
17.187250868978037
16.362950447221806
15.471765452207718
14.515985243699182
13.498533634530936
12.422998714741585
11.293635195219624
2.555880873890633
4.089409398225013
5.593380659802156
7.057535008831879
8.47268124958695
9.830861174076398
11.125430849998574
12.351064728144134
13.503695491913748
14.5804060472123
15.579290517854053
16.499299433682562
17.340081440237533
18.101830631652028
18.78514556843154
19.390903492779533
19.920151305128368
20.37401350000148
20.753616395151052
21.060027519667248
21.29420885106768
21.45698261924303
21.549008555713197
21.570771706138917
21.52258020217789
21.404572674441955
21.21673525497821
20.95892833923541
20.63092342451237
20.23245037913221
19.763255381820255
19.223169456568705
18.612186968074802
17.93055260296321
17.17885424081579
16.358117772186564
15.469898487522697
14.516362380267038
13.50034990739206
12.42541479261857
11.295831629653245
2.5879568907152892
4.140731025144463
5.661922595273333
7.140674289428956
8.567396907106666
9.93394562225975
11.233689068249944
12.461483363390665
13.613571700641536
14.687433225903481
15.681603738741682
16.59548694633792
17.42917016198401
18.18325360008798
18.858698419840387
19.45669564749014
19.97855604230471
20.425619712660925
20.799183643912713
21.100445086342674
21.3304588202248
21.490106554640366
21.580077050375113
21.60085593498068
21.552724568553224
21.435767701695703
21.24989002666767
20.994842041615446
20.670255901925803
20.275692086403513
19.81069770796168
19.274877080991967
18.667974639856837
17.989969404063245
17.241178849821058
16.422368284718118
15.534859759849079
14.580632486495121
13.562405129853056
12.48368983258511
11.348808938713738
2.639984618192809
4.223975389108495
5.77337082448521
7.276433499768696
8.72299946366236
10.10466771331239
11.414844959167164
12.64866894690335
13.802844064599235
14.875424577298075
15.865576303879605
16.77334004709456
17.599412130400058
18.344950504332527
19.011409687429868
19.600404331609347
20.113599172240622
20.55262216384704
20.918997359321214
21.214094281506576
21.439090960295324
21.594948336577186
21.682394291167764
21.701916104223624
21.653760673713307
21.53794231749831
21.354258453255458
21.102313890804815
20.78155486842582
20.39131428598844
19.930869774311713
19.399516200004832
18.79665381074987
18.12189232390921
17.375169700960377
16.556882043471205
15.668018060217392
14.710288223725387
13.686235743119335
12.599314836087876
11.453922578261706
2.713840962118786
4.342145539390057
5.9316049015728884
7.469263388474308
8.944192353891845
10.347689393045387
11.67327552174356
12.916534068262056
14.074846957554053
15.147081488810155
16.133269679208585
17.034308517911892
17.851696879951366
18.587315180319944
19.24324742352468
19.821641653018492
20.32460318555007
20.754114709589352
21.11197776793643
21.39977094057499
21.618820953155115
21.770183828519084
21.854634016614444
21.87266017003917
21.824466890881315
21.70998238280079
21.528872525157855
21.280562461735542
20.96426736895702
20.579034616206826
20.12379999413907
19.59746095145504
18.998969663408776
18.327448000554874
17.58232476945267
16.76349267934582
15.871478244895734
14.907612554527928
13.874185438312738
12.774561708707722
11.61323791700702
2.812174747726256
4.4994795963620104
6.142076818478343
7.725376340876194
9.237485142773505
10.669401794416038
12.014922291300518
13.270338838071906
14.43402371039482
15.505977504256586
16.48739780406909
17.380300512449516
18.187207062225845
18.9108979643155
19.554225962722658
20.119978984134722
20.610782578449403
21.029032460780783
21.376849282265738
21.656049399568346
21.8681269379938
22.014243755799843
22.095225008293117
22.11155891417623
22.063400097030204
21.950576570701923
21.77260111508903
21.528688496240147
21.217780753638028
20.838583611489174
20.389617925052686
19.869290825540535
19.275991642671972
18.608217381084618
17.864730972427314
17.044752101706308
16.148174615025642
15.175796364675692
14.1295378974974
13.012618220252833
11.829652927502575
2.9386414047409146
4.701826247585464
6.4122645825615745
8.05320971870994
9.611609289291202
11.078256580587427
12.4475233687727
13.71682646914418
14.885979867766988
15.956548412672705
16.931273564895598
17.813602584892113
18.607325590351756
19.316309727875534
19.94431324711972
20.49486125532499
20.971166754484862
21.37608350053364
21.712080293280515
21.981229038385262
22.185201158145425
22.325268670536058
22.402307585447538
22.41680228926972
22.368850412459707
22.25816840184735
22.084098744156375
21.845620594503735
21.541366525708796
21.16964927919416
20.728503765375535
20.21575103707106
19.62909228927009
18.966241620653026
18.225105497675944
17.40401343252529
16.501997038906048
15.519102546854299
14.456705776684265
13.317782142240233
12.107074674763847
3.098255481545861
4.957208770473378
6.752342298057807
8.464091264234161
10.07809221688032
11.585199918411119
12.980894982573185
14.264366320488461
15.437515566422391
16.504045712035563
17.468712566196924
18.33675736336249
19.113504425980008
19.804093172564972
20.41331133419171
20.945499912744943
21.40450627631006
21.793667727691403
22.115812972964722
22.37327289984753
22.56789501731776
22.701058000938218
22.77368425049068
22.7862493984624
22.738788482147257
22.630899156490493
22.461743011581042
22.230046893613988
21.934107235237285
21.57180189786006
21.14061600216664
20.637690676191365
20.059906396311042
19.40401509236678
18.66683631165263
17.845530583645246
16.937955041694455
15.943089606415423
14.861495673937933
13.695737364546309
12.450670331405735
3.2979268941953124
5.2766830307125
7.176177486797776
8.973193224193825
10.652038452851958
12.204221395710181
13.627248687838094
14.923076550256951
16.09660528247278
17.15442422405761
18.10387060154102
18.95238165453605
19.70708361228096
20.37455467649286
20.960706847914235
21.470743693889435
21.909163166890828
22.279784456283483
22.58578522645124
22.829740760783015
23.013659986228696
23.139015578775854
23.206766744316607
23.217374138558736
23.170806966720683
23.06654277310528
22.903560953738257
22.680331763781094
22.39480372614463
22.044394088671595
21.62598955503888
21.13596813166689
20.570257638160854
19.924451860646425
19.194010273052307
18.374569031576886
17.462384856643745
16.454912940745942
15.351479294419743
14.153948239466015
12.867225672241833
3.5472949268500167
5.675671882960026
7.70283816643275
9.60090498038042
11.353177073153606
12.95301737680719
14.401507029657532
15.704874735180624
16.872274172276402
17.914121869178437
18.840984044711863
19.662904682147392
20.389048665088737
21.027550898767785
21.585489650289702
22.068928016526232
22.48298748432885
22.83193171318195
23.11924802409042
23.347719935078832
23.519487570857
23.63609473441819
23.69852244783694
23.707209243130162
23.66205867962676
23.56243467717192
23.4071454521997
23.194417305078417
22.921860459442513
22.58643090883102
22.184395205335004
21.711309857376886
21.162034029713993
20.53080381933045
19.811407828092165
18.997514171885125
18.083201483601904
17.063728132293566
15.936517516778705
14.702231179590408
13.365664708718553
3.8600648099292267
6.176103695886764
8.35891681045089
10.374814923775292
12.207234354513616
13.85373239774407
15.321535019947685
16.62336568918947
17.77429329203036
18.789674417220006
19.68397592718758
20.470205151252827
21.159716258500477
21.762227284934102
22.2859410796214
22.737706509070694
23.12318462978183
23.447001918696124
23.712882673099298
23.923758110635386
24.081852376796522
24.188746775778878
24.24542379067085
24.252292269062735
24.209194768925993
24.115397648494792
23.96956417736583
23.769710902978893
23.513147965181048
23.19640539737249
22.81515030545029
22.364105122960765
21.83698622652043
21.226496612833202
20.52442718236921
19.72194720511124
18.81018822148923
17.781226713717395
16.629510600266798
15.353603002130779
13.957820911027982
4.2562321954750315
6.809971512760051
9.182198709837659
11.332568707143094
13.247653667376303
14.933657260843498
16.408121165846765
17.69341541973302
18.81258156348627
19.787093415233468
20.63588803905483
21.375129500573706
22.01834400312101
22.576711556904016
23.05939819262688
23.47387219316505
23.82618078942717
24.12118072768425
24.362724050400054
24.55380355389979
24.696663078228227
24.792877331662282
24.84340501449319
24.84861790475664
24.80830744903539
24.721669331874654
24.587265527744517
24.40296255387691
24.16584422141428
23.872097499623532
23.516871886430568
23.094117236519565
22.596414590408244
22.01483270702206
21.338874482421932
20.556626618406206
19.6552910854852
18.62233619291957
17.44749083459171
16.125581276586185
14.659619342351078
4.765961456827293
7.62553833092367
10.227594045449823
12.52593212530538
14.51754604669994
16.22557909448561
17.684398053359388
18.930176137885294
19.996166530359
20.91092907866681
21.698107071836873
22.376885965071246
22.962672127586643
23.467775143123784
23.90200781816393
24.273180995442573
24.58749736646244
24.849858034233133
25.06409721219987
25.23315888466341
25.359226676928472
25.443815509182052
25.48783116145123
25.491601716525523
25.45488292227185
25.376837736714645
25.25598860253113
25.090139288740126
24.87626146354854
24.610339728179937
24.287168227493247
23.900093507292546
23.440704854146688
22.89849050041854
22.260515813815402
21.511253623785965
20.63282543322783
19.606097317789104
18.4132425565466
17.042262584264392
15.492965985694902
5.436742928904689
8.698788686247504
11.576929654948342
14.026301739013574
16.071359640406758
17.76711234116003
19.17416858131942
20.34723099977704
21.33153751409234
22.16295702581507
22.869380131768157
23.472334745939165
23.988424929847685
24.43048967002674
24.808493583875364
25.130196121894006
25.401648746161317
25.627562103012334
25.811575815204755
25.95645509724189
26.06423163214622
26.136300927635432
26.173484355597044
26.176060910944866
26.143771082186795
26.075792825575746
25.970687224357626
25.826308755289602
25.639671953243692
25.40676249867008
25.1222763981713
24.77926663492091
24.368674636191148
23.878730031137636
23.29423045840747
22.595793801378665
21.759365345781994
20.75664646390302
19.55773403923944
18.137825862312965
16.488932602102697
6.347550439590614
10.156080703344983
13.355221818616775
15.931223273243367
17.97476531860004
19.59767696531345
20.898314581638555
21.953468669723673
22.820266001580023
23.540493652092746
24.14467374204292
24.655237659620212
25.088828235276388
25.457923015487253
25.771969098760067
26.038177247225637
26.262080413573116
26.447928898794316
26.598971034290408
26.717652314132266
26.805755060790467
26.864493279950548
26.894572138611608
26.89621764769081
26.869179049067647
26.81270363733854
26.725480881643637
26.605549326149077
26.450155321536744
26.255546495705673
26.01667412737547
25.72676624211196
25.376716734130927
24.9542169169443
24.442544570847737
23.818955591840073
23.05279049051002
22.103946646774514
20.92373929729041
19.462850769793906
17.693500699812642
7.639295246161278
12.222872393858045
15.756805185913676
18.36879618984675
20.299033053889453
21.75078606494421
22.868252292766563
23.748407820431556
24.455944099684075
25.034491499218685
25.514029311491544
25.915590099511427
26.25423207109495
26.54093638602832
26.783838409319046
26.98904159278478
27.161165135346586
27.303718232620703
27.419358723474595
27.510072656173705
27.577298087680887
27.622008003104614
27.644761651353186
27.64572965166864
27.62469516695413
27.581030707808733
27.513647238348216
27.420908658259474
27.300499692893823
27.149227583398584
26.962725833674703
26.735008448460807
26.45779030611994
26.119435433883908
25.703310190330676
25.185202079115793
24.52937468287585
23.6830605112856
22.57084403654591
21.096722030353867
19.178838209412607
9.587119959643745
15.339391935429996
19.08044482359838
21.48826827130503
23.10195964719753
24.23838625397685
25.075733518781043
25.716226639694867
26.220898092865273
26.627811430863172
26.961698672239017
27.239221086490435
27.471954862641702
27.668153436966772
27.83382648156185
27.973422405864245
28.09027233998793
28.186885668749024
28.265150120271706
28.326468452659547
28.371851500041107
28.40197986073875
28.4172417359209
28.417751164239096
28.403348417583025
28.373582116344863
28.32767024478651
28.264434182830335
28.182195362696934
28.078616921591216
27.950460387595832
27.79320541609282
27.600439645604897
27.362846692663094
27.0664627450268
26.689552051058346
26.19680849438602
25.528416761704495
24.580170311967166
23.174645808588217
21.067859825989288
12.791991572392178
20.467186515827485
23.73739061758354
25.401969607418497
26.38226828243552
27.0252026928201
27.480224900424147
27.820041637134597
28.083802533402018
28.294366867015572
28.46595853145233
28.607881771078375
28.72646836876586
28.82616499270214
28.910173068403335
28.980841931494453
29.03991906539979
29.088713916081165
29.128207379360227
29.159125846939816
29.181991216562643
29.197153840637714
29.20481262246669
29.20502461390996
29.197705075216803
29.182617720944936
29.159353528552984
29.127294711484133
29.085557771106878
29.03290507473698
28.96760646306838
28.887217415942104
28.788210371520982
28.665331981319408
28.510412816213545
28.309992342156004
28.040133627565666
27.653855622416373
27.046986399301687
25.95402586930455
23.594568972095047
30
30
30
30
30
30
30
30
30
30
30
30
30
30
30
30
30
30
30
30
30
30
30
30
30
30
30
30
30
30
30
30
30
30
30
30
30
30
30
30
30
